
[OVERHEADLINE SETTING]
FORMAT_OVERHEADLINESETTING=SectionID,DeviceNumber,DeviceStage,Flags,InitFromEquipFlags,LineCableID,Length,ConnectionStatus,CoordX,CoordY,HarmonicModel,FlowConstraintActive,FlowConstraintUnit,MaximumFlow,SeriesCompensationActive,MaxReactanceMultiplier,SeriesCompensationCost

OH_4645,OH_4645,,0,0,3P_22 KV_ACSR-150SQMM,1951.95469511,0,0,0,2,0,0,100,0,50,0
OH_4666,OH_4666,,0,0,3P_22 KV_ACSR-150SQMM,245.80812653,0,0,0,2,0,0,100,0,50,0
OH_4668,OH_4668,,0,0,3P_22 KV_ACSR-150SQMM,958.69871078,0,0,0,2,0,0,100,0,50,0
OH_4672,OH_4672,,0,0,3P_22 KV_ACV-70SQMM,112.97358573,0,0,0,2,0,0,100,0,50,0
OH_4685,OH_4685,,0,0,3P_22 KV_ACSR-150SQMM,93.64351969,0,0,0,2,0,0,100,0,50,0
OH_4686,OH_4686,,0,0,3P_22 KV_ACSR-150SQMM,54.57829676,0,0,0,2,0,0,100,0,50,0
OH_4692,OH_4692,,0,0,3P_22 KV_ACSR-120SQMM,366.85776913,0,0,0,2,0,0,100,0,50,0
OH_4699,OH_4699,,0,0,3P_22 KV_ACSR-150SQMM,288.24854914,0,0,0,2,0,0,100,0,50,0
OH_4715,OH_4715,,0,0,3P_22 KV_ACSR-95SQMM,199.19669178,0,0,0,2,0,0,100,0,50,0
OH_4717,OH_4717,,0,0,3P_22 KV_ACV-70SQMM,383.34903993,0,0,0,2,0,0,100,0,50,0
OH_4729,OH_4729,,0,0,3P_22 KV_ACSR-70SQMM,56.99995990,0,0,0,2,0,0,100,0,50,0
OH_4760,OH_4760,,0,0,3P_22 KV_ACSR-120SQMM,2.14000000,0,0,0,2,0,0,100,0,50,0
OH_4763,OH_4763,,0,0,3P_22 KV_ACSR-70SQMM,57.50732918,0,0,0,2,0,0,100,0,50,0
OH_4764,OH_4764,,0,0,3P_22 KV_ACSR-70SQMM,181.10118643,0,0,0,2,0,0,100,0,50,0
OH_4765,OH_4765,,0,0,3P_22 KV_ACSR-70SQMM,519.03809003,0,0,0,2,0,0,100,0,50,0
OH_4766,OH_4766,,0,0,3P_22 KV_ACSR-70SQMM,37.02658099,0,0,0,2,0,0,100,0,50,0
OH_4858,OH_4858,,0,0,3P_22 KV_ACSR-120SQMM,667.02870228,0,0,0,2,0,0,100,0,50,0
OH_4864,OH_4864,,0,0,3P_22 KV_ACSR-185SQMM,337.49207647,0,0,0,2,0,0,100,0,50,0
OH_4865,OH_4865,,0,0,3P_22 KV_ACV-70SQMM,0.50006853,0,0,0,2,0,0,100,0,50,0
OH_5496,OH_5496,,0,0,3P_22 KV_ACSR-150SQMM,0.49996969,0,0,0,2,0,0,100,0,50,0
OH_5498,OH_5498,,0,0,3P_22 KV_ACSR-185SQMM,314.04406028,0,0,0,2,0,0,100,0,50,0
OH_5501,OH_5501,,0,0,3P_22 KV_ACSR-150SQMM,0.99995513,0,0,0,2,0,0,100,0,50,0
OH_5502,OH_5502,,0,0,3P_22 KV_ACSR-120SQMM,33.99342877,0,0,0,2,0,0,100,0,50,0
OH_5503,OH_5503,,0,0,3P_22 KV_ACSR-70SQMM,0.49995546,0,0,0,2,0,0,100,0,50,0
OH_5504,OH_5504,,0,0,3P_22 KV_ACSR-150SQMM,31.51302064,0,0,0,2,0,0,100,0,50,0
OH_5506,OH_5506,,0,0,3P_22 KV_ACSR-150SQMM,0.49996938,0,0,0,2,0,0,100,0,50,0
OH_5583,OH_5583,,0,0,3P_22 KV_ACSR-70SQMM,0.50000361,0,0,0,2,0,0,100,0,50,0
OH_5622,OH_5622,,0,0,3P_22 KV_ACSR-150SQMM,0.50001125,0,0,0,2,0,0,100,0,50,0
OH_5653,OH_5653,,0,0,3P_22 KV_ACSR-150SQMM,957.81227698,0,0,0,2,0,0,100,0,50,0
OH_5664,OH_5664,,0,0,3P_22 KV_ACSR-120SQMM,2.14000000,0,0,0,2,0,0,100,0,50,0
OH_5665,OH_5665,,0,0,3P_22 KV_ACSR-120SQMM,2.14000000,0,0,0,2,0,0,100,0,50,0
OH_5671,OH_5671,,0,0,3P_22 KV_ACSR-150SQMM,1149.00427221,0,0,0,2,0,0,100,0,50,0
OH_5681,OH_5681,,0,0,3P_22 KV_ACSR-120SQMM,2.14000000,0,0,0,2,0,0,100,0,50,0
OH_5682,OH_5682,,0,0,3P_22 KV_ACSR-120SQMM,2.14000000,0,0,0,2,0,0,100,0,50,0
OH_5683,OH_5683,,0,0,3P_22 KV_ACSR-150SQMM,694.20590199,0,0,0,2,0,0,100,0,50,0
OH_5713,OH_5713,,0,0,3P_22 KV_ACSR-120SQMM,2.14000000,0,0,0,2,0,0,100,0,50,0
OH_5715,OH_5715,,0,0,3P_22 KV_ACSR-120SQMM,2.14000000,0,0,0,2,0,0,100,0,50,0
OH_5716,OH_5716,,0,0,3P_22 KV_ACSR-120SQMM,1.63370490,0,0,0,2,0,0,100,0,50,0
OH_5750,OH_5750,,0,0,3P_22 KV_ACSR-150SQMM,46.40816832,0,0,0,2,0,0,100,0,50,0
OH_5754,OH_5754,,0,0,3P_22 KV_ACSR-120SQMM,184.01996479,0,0,0,2,0,0,100,0,50,0
OH_5762,OH_5762,,0,0,3P_22 KV_ACSR-150SQMM,262.00374531,0,0,0,2,0,0,100,0,50,0
OH_5773,OH_5773,,0,0,3P_22 KV_ACSR-150SQMM,46.19032891,0,0,0,2,0,0,100,0,50,0
OH_5775,OH_5775,,0,0,3P_22 KV_ACSR-150SQMM,60.28295855,0,0,0,2,0,0,100,0,50,0
OH_5796,OH_5796,,0,0,3P_22 KV_ACSR-150SQMM,80.26715345,0,0,0,2,0,0,100,0,50,0
OH_5804,OH_5804,,0,0,3P_22 KV_ACSR-120SQMM,2.14000000,0,0,0,2,0,0,100,0,50,0
OH_5829,OH_5829,,0,0,3P_22 KV_ACSR-150SQMM,768.85038018,0,0,0,2,0,0,100,0,50,0
OH_5830,OH_5830,,0,0,3P_22 KV_ACSR-150SQMM,355.41487306,0,0,0,2,0,0,100,0,50,0
OH_5831,OH_5831,,0,0,3P_22 KV_ACSR-150SQMM,373.83308665,0,0,0,2,0,0,100,0,50,0
OH_5832,OH_5832,,0,0,3P_22 KV_ACSR-70SQMM,135.38059142,0,0,0,2,0,0,100,0,50,0
OH_5833,OH_5833,,0,0,3P_22 KV_ACSR-150SQMM,622.17607957,0,0,0,2,0,0,100,0,50,0
OH_5869,OH_5869,,0,0,3P_22 KV_ACV-70SQMM,51.03967030,0,0,0,2,0,0,100,0,50,0
OH_5896,OH_5896,,0,0,3P_22 KV_ACSR-150SQMM,1951.95469511,0,0,0,2,0,0,100,0,50,0
OH_5905,OH_5905,,0,0,3P_22 KV_ACSR-150SQMM,1951.95469511,0,0,0,2,0,0,100,0,50,0
OH_10354,OH_10354,,0,0,3P_22 KV_ACSR-95SQMM,373.01206655,0,0,0,2,0,0,100,0,50,0
OH_10355,OH_10355,,0,0,3P_22 KV_ACSR-95SQMM,1220.58810584,0,0,0,2,0,0,100,0,50,0
OH_10381,OH_10381,,0,0,3P_22 KV_ACSR-185SQMM,79.48408871,0,0,0,2,0,0,100,0,50,0
OH_10382,OH_10382,,0,0,3P_22 KV_ACSR-185SQMM,62.28403296,0,0,0,2,0,0,100,0,50,0
OH_10383,OH_10383,,0,0,3P_22 KV_ACSR-185SQMM,102.34934362,0,0,0,2,0,0,100,0,50,0
OH_10385,OH_10385,,0,0,3P_22 KV_ACSR-50SQMM,459.88331472,0,0,0,2,0,0,100,0,50,0
OH_10387,OH_10387,,0,0,3P_22 KV_ACSR-185SQMM,2594.53016210,0,0,0,2,0,0,100,0,50,0
OH_10388,OH_10388,,0,0,3P_22 KV_ACSR-185SQMM,1386.09128307,0,0,0,2,0,0,100,0,50,0
OH_10414,OH_10414,,0,0,3P_22 KV_AV-95SQMM,93.19668571,0,0,0,2,0,0,100,0,50,0
OH_10416,OH_10416,,0,0,3P_22 KV_ACSR-185SQMM,16.52431801,0,0,0,2,0,0,100,0,50,0
OH_10417,OH_10417,,0,0,3P_22 KV_ACSR-185SQMM,9.51214235,0,0,0,2,0,0,100,0,50,0
OH_10418,OH_10418,,0,0,3P_22 KV_ACSR-185SQMM,12.94795719,0,0,0,2,0,0,100,0,50,0
OH_10419,OH_10419,,0,0,3P_22 KV_ACSR-185SQMM,8.96629799,0,0,0,2,0,0,100,0,50,0
OH_10420,OH_10420,,0,0,3P_22 KV_ACSR-185SQMM,46.28488130,0,0,0,2,0,0,100,0,50,0
OH_10421,OH_10421,,0,0,3P_22 KV_ACSR-185SQMM,19.15407610,0,0,0,2,0,0,100,0,50,0
OH_10422,OH_10422,,0,0,3P_22 KV_ACSR-185SQMM,10.44099589,0,0,0,2,0,0,100,0,50,0
OH_10423,OH_10423,,0,0,3P_22 KV_ACSR-185SQMM,8.27390497,0,0,0,2,0,0,100,0,50,0
OH_10424,OH_10424,,0,0,3P_22 KV_ACSR-185SQMM,6.77259468,0,0,0,2,0,0,100,0,50,0
OH_10425,OH_10425,,0,0,3P_22 KV_ACSR-185SQMM,16.39143955,0,0,0,2,0,0,100,0,50,0
OH_10467,OH_10467,,0,0,3P_22 KV_ACSR-95SQMM,94.18813790,0,0,0,2,0,0,100,0,50,0
OH_10468,OH_10468,,0,0,3P_22 KV_ACSR-95SQMM,758.61157945,0,0,0,2,0,0,100,0,50,0
OH_10469,OH_10469,,0,0,3P_22 KV_ACSR-95SQMM,1056.15578440,0,0,0,2,0,0,100,0,50,0
OH_10470,OH_10470,,0,0,3P_22 KV_ACSR-95SQMM,140.62436029,0,0,0,2,0,0,100,0,50,0
OH_10471,OH_10471,,0,0,3P_22 KV_AV-50SQMM,249.09526625,0,0,0,2,0,0,100,0,50,0
OH_10472,OH_10472,,0,0,3P_22 KV_ACSR-95SQMM,135.13242658,0,0,0,2,0,0,100,0,50,0
OH_10473,OH_10473,,0,0,3P_22 KV_AV-50SQMM,547.67432204,0,0,0,2,0,0,100,0,50,0
OH_10474,OH_10474,,0,0,3P_22 KV_ACSR-95SQMM,934.95254661,0,0,0,2,0,0,100,0,50,0
OH_10475,OH_10475,,0,0,3P_22 KV_ACSR-70SQMM,849.32234042,0,0,0,2,0,0,100,0,50,0
OH_10476,OH_10476,,0,0,3P_22 KV_ACSR-70SQMM,909.04687137,0,0,0,2,0,0,100,0,50,0
OH_10487,OH_10487,,0,0,3P_22 KV_ACSR-95SQMM,571.48433928,0,0,0,2,0,0,100,0,50,0
OH_10488,OH_10488,,0,0,3P_22 KV_ACSR-95SQMM,915.38326389,0,0,0,2,0,0,100,0,50,0
OH_10489,OH_10489,,0,0,3P_22 KV_ACSR-95SQMM,565.15806344,0,0,0,2,0,0,100,0,50,0
OH_10490,OH_10490,,0,0,3P_22 KV_ACSR-95SQMM,1000.00104440,0,0,0,2,0,0,100,0,50,0
OH_10491,OH_10491,,0,0,3P_22 KV_AV-70SQMM,653.63219557,0,0,0,2,0,0,100,0,50,0
OH_10492,OH_10492,,0,0,3P_22 KV_ACSR-70SQMM,828.02831572,0,0,0,2,0,0,100,0,50,0
OH_10493,OH_10493,,0,0,3P_22 KV_ACSR-95SQMM,564.55989802,0,0,0,2,0,0,100,0,50,0
OH_10494,OH_10494,,0,0,3P_22 KV_ACSR-95SQMM,218.65177021,0,0,0,2,0,0,100,0,50,0
OH_10495,OH_10495,,0,0,3P_22 KV_ACSR-70SQMM,991.12627527,0,0,0,2,0,0,100,0,50,0
OH_10496,OH_10496,,0,0,3P_22 KV_ACSR-95SQMM,962.77237455,0,0,0,2,0,0,100,0,50,0
OH_10497,OH_10497,,0,0,3P_22 KV_ACSR-95SQMM,963.84431034,0,0,0,2,0,0,100,0,50,0
OH_10498,OH_10498,,0,0,3P_22 KV_ACSR-95SQMM,841.26969118,0,0,0,2,0,0,100,0,50,0
OH_10499,OH_10499,,0,0,3P_22 KV_ACSR-95SQMM,660.86335165,0,0,0,2,0,0,100,0,50,0
OH_10500,OH_10500,,0,0,3P_22 KV_ACSR-70SQMM,2522.86081143,0,0,0,2,0,0,100,0,50,0
OH_10501,OH_10501,,0,0,3P_22 KV_ACSR-95SQMM,387.58531578,0,0,0,2,0,0,100,0,50,0
OH_10502,OH_10502,,0,0,3P_22 KV_ACSR-95SQMM,813.20541124,0,0,0,2,0,0,100,0,50,0
OH_10597,OH_10597,,0,0,3P_22 KV_ACSR-95SQMM,280.61791775,0,0,0,2,0,0,100,0,50,0
OH_10598,OH_10598,,0,0,3P_22 KV_ACSR-95SQMM,188.63427253,0,0,0,2,0,0,100,0,50,0
OH_10599,OH_10599,,0,0,3P_22 KV_ACSR-95SQMM,641.02960591,0,0,0,2,0,0,100,0,50,0
OH_10600,OH_10600,,0,0,3P_22 KV_ACSR-95SQMM,319.12966336,0,0,0,2,0,0,100,0,50,0
OH_10601,OH_10601,,0,0,3P_22 KV_ACSR-95SQMM,842.24820382,0,0,0,2,0,0,100,0,50,0
OH_10602,OH_10602,,0,0,3P_22 KV_ACSR-95SQMM,899.29723390,0,0,0,2,0,0,100,0,50,0
OH_10603,OH_10603,,0,0,3P_22 KV_ACSR-95SQMM,149.41778117,0,0,0,2,0,0,100,0,50,0
OH_10604,OH_10604,,0,0,3P_22 KV_ACSR-95SQMM,987.34682808,0,0,0,2,0,0,100,0,50,0
OH_10605,OH_10605,,0,0,3P_22 KV_ACSR-95SQMM,493.72149385,0,0,0,2,0,0,100,0,50,0
OH_10606,OH_10606,,0,0,3P_22 KV_ACSR-95SQMM,808.19478593,0,0,0,2,0,0,100,0,50,0
OH_10607,OH_10607,,0,0,3P_22 KV_ACSR-95SQMM,223.28604994,0,0,0,2,0,0,100,0,50,0
OH_10608,OH_10608,,0,0,3P_22 KV_ACSR-95SQMM,285.68067346,0,0,0,2,0,0,100,0,50,0
OH_10609,OH_10609,,0,0,3P_22 KV_ACSR-95SQMM,92.68698268,0,0,0,2,0,0,100,0,50,0
OH_10610,OH_10610,,0,0,3P_22 KV_AV-50SQMM,281.51217690,0,0,0,2,0,0,100,0,50,0
OH_10611,OH_10611,,0,0,3P_22 KV_AV-50SQMM,236.99693806,0,0,0,2,0,0,100,0,50,0
OH_10612,OH_10612,,0,0,3P_22 KV_AV-50SQMM,1246.31575233,0,0,0,2,0,0,100,0,50,0
OH_10613,OH_10613,,0,0,3P_22 KV_AV-50SQMM,378.42904760,0,0,0,2,0,0,100,0,50,0
OH_10614,OH_10614,,0,0,3P_22 KV_AV-50SQMM,53.19760239,0,0,0,2,0,0,100,0,50,0
OH_10615,OH_10615,,0,0,3P_22 KV_ACSR-70SQMM,666.54518953,0,0,0,2,0,0,100,0,50,0
OH_10616,OH_10616,,0,0,3P_22 KV_ACSR-70SQMM,201.54666849,0,0,0,2,0,0,100,0,50,0
OH_10617,OH_10617,,0,0,3P_22 KV_ACSR-70SQMM,376.25823264,0,0,0,2,0,0,100,0,50,0
OH_10618,OH_10618,,0,0,3P_22 KV_ACSR-95SQMM,703.18362988,0,0,0,2,0,0,100,0,50,0
OH_10619,OH_10619,,0,0,3P_22 KV_ACSR-95SQMM,716.64319346,0,0,0,2,0,0,100,0,50,0
OH_10674,OH_10674,,0,0,3P_22 KV_ACSR-70SQMM,47.03435750,0,0,0,2,0,0,100,0,50,0
OH_11347,OH_11347,,0,0,3P_22 KV_ACSR-95SQMM,330.50619875,0,0,0,2,0,0,100,0,50,0
OH_11348,OH_11348,,0,0,3P_22 KV_ACSR-185SQMM,51.20727292,0,0,0,2,0,0,100,0,50,0
OH_11349,OH_11349,,0,0,3P_22 KV_ACSR-185SQMM,97.15286305,0,0,0,2,0,0,100,0,50,0
OH_11350,OH_11350,,0,0,3P_22 KV_ACSR-185SQMM,79.29328949,0,0,0,2,0,0,100,0,50,0
OH_11351,OH_11351,,0,0,3P_22 KV_ACSR-185SQMM,41.74470343,0,0,0,2,0,0,100,0,50,0
OH_11352,OH_11352,,0,0,3P_22 KV_ACSR-185SQMM,95.08497751,0,0,0,2,0,0,100,0,50,0
OH_11353,OH_11353,,0,0,3P_22 KV_ACSR-185SQMM,48.02438544,0,0,0,2,0,0,100,0,50,0
OH_11354,OH_11354,,0,0,3P_22 KV_ACSR-185SQMM,42.62263274,0,0,0,2,0,0,100,0,50,0
OH_11355,OH_11355,,0,0,3P_22 KV_ACSR-185SQMM,49.31702275,0,0,0,2,0,0,100,0,50,0
OH_11393,OH_11393,,0,0,3P_22 KV_ACSR-70SQMM,27.22077061,0,0,0,2,0,0,100,0,50,0
OH_11394,OH_11394,,0,0,3P_22 KV_ACSR-95SQMM,62.36825816,0,0,0,2,0,0,100,0,50,0
OH_11395,OH_11395,,0,0,3P_22 KV_ACSR-50SQMM,0.49997157,0,0,0,2,0,0,100,0,50,0
OH_11396,OH_11396,,0,0,3P_22 KV_ACSR-95SQMM,0.49998849,0,0,0,2,0,0,100,0,50,0
OH_11397,OH_11397,,0,0,3P_22 KV_ACSR-95SQMM,95.02923854,0,0,0,2,0,0,100,0,50,0
OH_11398,OH_11398,,0,0,3P_22 KV_ACSR-95SQMM,73.57291801,0,0,0,2,0,0,100,0,50,0
OH_11399,OH_11399,,0,0,3P_22 KV_ACSR-70SQMM,239.41325214,0,0,0,2,0,0,100,0,50,0
OH_11400,OH_11400,,0,0,3P_22 KV_ACSR-185SQMM,50.89929174,0,0,0,2,0,0,100,0,50,0
OH_11401,OH_11401,,0,0,3P_22 KV_ACSR-70SQMM,0.50002386,0,0,0,2,0,0,100,0,50,0
OH_11402,OH_11402,,0,0,3P_22 KV_ACSR-185SQMM,21.73435099,0,0,0,2,0,0,100,0,50,0
OH_11403,OH_11403,,0,0,3P_22 KV_ACSR-95SQMM,60.27431440,0,0,0,2,0,0,100,0,50,0
OH_11404,OH_11404,,0,0,3P_22 KV_ACSR-95SQMM,306.80952686,0,0,0,2,0,0,100,0,50,0
OH_11405,OH_11405,,0,0,3P_22 KV_ACSR-185SQMM,0.49995188,0,0,0,2,0,0,100,0,50,0
OH_11406,OH_11406,,0,0,3P_22 KV_ACSR-70SQMM,40.10053045,0,0,0,2,0,0,100,0,50,0
OH_11407,OH_11407,,0,0,3P_22 KV_ACSR-95SQMM,0.49999218,0,0,0,2,0,0,100,0,50,0
OH_11408,OH_11408,,0,0,3P_22 KV_ACSR-95SQMM,0.50003817,0,0,0,2,0,0,100,0,50,0
OH_11409,OH_11409,,0,0,3P_22 KV_ACSR-95SQMM,54.83162854,0,0,0,2,0,0,100,0,50,0
OH_11410,OH_11410,,0,0,3P_22 KV_ACSR-185SQMM,0.49995522,0,0,0,2,0,0,100,0,50,0
OH_11411,OH_11411,,0,0,3P_22 KV_ACSR-95SQMM,72.26734780,0,0,0,2,0,0,100,0,50,0
OH_11412,OH_11412,,0,0,3P_22 KV_ACSR-95SQMM,0.99996546,0,0,0,2,0,0,100,0,50,0
OH_11413,OH_11413,,0,0,3P_22 KV_ACSR-95SQMM,99.58570491,0,0,0,2,0,0,100,0,50,0
OH_11414,OH_11414,,0,0,3P_22 KV_ACSR-95SQMM,43.03915997,0,0,0,2,0,0,100,0,50,0
OH_11453,OH_11453,,0,0,3P_22 KV_ACSR-95SQMM,78.92150495,0,0,0,2,0,0,100,0,50,0
OH_11454,OH_11454,,0,0,3P_22 KV_ACSR-95SQMM,0.50002365,0,0,0,2,0,0,100,0,50,0
OH_11463,OH_11463,,0,0,3P_22 KV_ACSR-185SQMM,16.80347221,0,0,0,2,0,0,100,0,50,0
OH_11477,OH_11477,,0,0,3P_22 KV_ACSR-95SQMM,15.07575064,0,0,0,2,0,0,100,0,50,0
OH_11478,OH_11478,,0,0,3P_22 KV_ACSR-95SQMM,27.70397337,0,0,0,2,0,0,100,0,50,0
OH_11503,OH_11503,,0,0,3P_22 KV_AV-95SQMM,59.52807065,0,0,0,2,0,0,100,0,50,0
OH_11506,OH_11506,,0,0,3P_22 KV_ACSR-70SQMM,32.96413957,0,0,0,2,0,0,100,0,50,0
OH_11507,OH_11507,,0,0,3P_22 KV_ACSR-95SQMM,29.89280454,0,0,0,2,0,0,100,0,50,0
OH_11509,OH_11509,,0,0,3P_22 KV_ACSR-70SQMM,42.15812026,0,0,0,2,0,0,100,0,50,0
OH_11510,OH_11510,,0,0,3P_22 KV_ACSR-70SQMM,0.49999325,0,0,0,2,0,0,100,0,50,0
OH_11516,OH_11516,,0,0,3P_22 KV_AV-50SQMM,0.49996401,0,0,0,2,0,0,100,0,50,0
OH_11517,OH_11517,,0,0,3P_22 KV_ACSR-95SQMM,529.10086181,0,0,0,2,0,0,100,0,50,0
OH_11521,OH_11521,,0,0,3P_22 KV_ACSR-95SQMM,400.75933793,0,0,0,2,0,0,100,0,50,0
OH_11537,OH_11537,,0,0,3P_22 KV_ACSR-95SQMM,555.07724008,0,0,0,2,0,0,100,0,50,0
OH_11538,OH_11538,,0,0,3P_22 KV_ACSR-95SQMM,66.09924977,0,0,0,2,0,0,100,0,50,0
OH_11542,OH_11542,,0,0,3P_22 KV_ACSR-95SQMM,70.51725228,0,0,0,2,0,0,100,0,50,0
OH_11549,OH_11549,,0,0,3P_22 KV_ACSR-95SQMM,228.76160657,0,0,0,2,0,0,100,0,50,0
OH_11551,OH_11551,,0,0,3P_22 KV_ACSR-95SQMM,362.74254325,0,0,0,2,0,0,100,0,50,0
OH_11553,OH_11553,,0,0,3P_22 KV_ACSR-95SQMM,469.69954732,0,0,0,2,0,0,100,0,50,0
OH_11557,OH_11557,,0,0,3P_22 KV_ACSR-95SQMM,36.15008683,0,0,0,2,0,0,100,0,50,0
OH_11558,OH_11558,,0,0,3P_22 KV_ACSR-70SQMM,699.90670194,0,0,0,2,0,0,100,0,50,0
OH_11564,OH_11564,,0,0,3P_22 KV_AV-50SQMM,61.14689251,0,0,0,2,0,0,100,0,50,0
OH_11568,OH_11568,,0,0,3P_22 KV_ACSR-95SQMM,31.48933728,0,0,0,2,0,0,100,0,50,0
OH_11573,OH_11573,,0,0,3P_22 KV_ACSR-95SQMM,652.85557869,0,0,0,2,0,0,100,0,50,0
OH_11576,OH_11576,,0,0,3P_22 KV_ACSR-95SQMM,634.68477552,0,0,0,2,0,0,100,0,50,0
OH_11582,OH_11582,,0,0,3P_22 KV_ACSR-185SQMM,61.37232638,0,0,0,2,0,0,100,0,50,0
OH_11584,OH_11584,,0,0,3P_22 KV_ACSR-95SQMM,801.42128923,0,0,0,2,0,0,100,0,50,0
OH_11590,OH_11590,,0,0,3P_22 KV_ACSR-70SQMM,369.19621461,0,0,0,2,0,0,100,0,50,0
OH_11593,OH_11593,,0,0,3P_22 KV_ACSR-70SQMM,59.48793005,0,0,0,2,0,0,100,0,50,0
OH_11595,OH_11595,,0,0,3P_22 KV_ACSR-95SQMM,62.46522374,0,0,0,2,0,0,100,0,50,0
OH_11598,OH_11598,,0,0,3P_22 KV_AV-50SQMM,416.13551964,0,0,0,2,0,0,100,0,50,0
OH_11602,OH_11602,,0,0,3P_22 KV_ACSR-95SQMM,663.93498211,0,0,0,2,0,0,100,0,50,0
OH_11605,OH_11605,,0,0,3P_22 KV_ACSR-70SQMM,58.34321169,0,0,0,2,0,0,100,0,50,0
OH_11606,OH_11606,,0,0,3P_22 KV_ACSR-95SQMM,444.38194328,0,0,0,2,0,0,100,0,50,0
OH_11612,OH_11612,,0,0,3P_22 KV_ACSR-185SQMM,0.49995188,0,0,0,2,0,0,100,0,50,0
OH_11622,OH_11622,,0,0,3P_22 KV_ACSR-95SQMM,815.61372069,0,0,0,2,0,0,100,0,50,0
OH_11635,OH_11635,,0,0,3P_22 KV_ACSR-95SQMM,134.02043105,0,0,0,2,0,0,100,0,50,0
OH_11640,OH_11640,,0,0,3P_22 KV_ACSR-95SQMM,76.17014676,0,0,0,2,0,0,100,0,50,0
OH_11644,OH_11644,,0,0,3P_22 KV_ACSR-95SQMM,34.03152077,0,0,0,2,0,0,100,0,50,0
OH_11648,OH_11648,,0,0,3P_22 KV_ACSR-95SQMM,0.50002365,0,0,0,2,0,0,100,0,50,0
OH_11649,OH_11649,,0,0,3P_22 KV_ACSR-95SQMM,63.73857917,0,0,0,2,0,0,100,0,50,0
OH_11690,OH_11690,,0,0,3P_22 KV_ACSR-70SQMM,2522.86081143,0,0,0,2,0,0,100,0,50,0
OH_11697,OH_11697,,0,0,3P_22 KV_ACSR-95SQMM,223.28604994,0,0,0,2,0,0,100,0,50,0
OH_11700,OH_11700,,0,0,3P_22 KV_ACSR-95SQMM,842.24820382,0,0,0,2,0,0,100,0,50,0
OH_11701,OH_11701,,0,0,3P_22 KV_ACSR-185SQMM,0.49995522,0,0,0,2,0,0,100,0,50,0
OH_11702,OH_11702,,0,0,3P_22 KV_ACSR-185SQMM,0.49995522,0,0,0,2,0,0,100,0,50,0
OH_11714,OH_11714,,0,0,3P_22 KV_ACSR-185SQMM,16.39143955,0,0,0,2,0,0,100,0,50,0
OH_11715,OH_11715,,0,0,3P_22 KV_ACSR-185SQMM,102.34934362,0,0,0,2,0,0,100,0,50,0
OH_11718,OH_11718,,0,0,3P_22 KV_ACSR-185SQMM,10.44099589,0,0,0,2,0,0,100,0,50,0
OH_11720,OH_11720,,0,0,3P_22 KV_ACSR-95SQMM,1220.58810584,0,0,0,2,0,0,100,0,50,0
OH_11721,OH_11721,,0,0,3P_22 KV_ACSR-185SQMM,8.96629799,0,0,0,2,0,0,100,0,50,0
OH_11722,OH_11722,,0,0,3P_22 KV_ACSR-185SQMM,61.37232638,0,0,0,2,0,0,100,0,50,0
OH_11723,OH_11723,,0,0,3P_22 KV_ACSR-185SQMM,46.28488130,0,0,0,2,0,0,100,0,50,0
OH_11724,OH_11724,,0,0,3P_22 KV_ACSR-185SQMM,61.37232638,0,0,0,2,0,0,100,0,50,0
OH_11725,OH_11725,,0,0,3P_22 KV_ACSR-185SQMM,19.15407610,0,0,0,2,0,0,100,0,50,0
OH_11728,OH_11728,,0,0,3P_22 KV_ACSR-185SQMM,9.51214235,0,0,0,2,0,0,100,0,50,0
OH_11729,OH_11729,,0,0,3P_22 KV_ACSR-185SQMM,16.52431801,0,0,0,2,0,0,100,0,50,0
OH_11730,OH_11730,,0,0,3P_22 KV_ACSR-185SQMM,10.44099589,0,0,0,2,0,0,100,0,50,0
OH_11731,OH_11731,,0,0,3P_22 KV_ACSR-185SQMM,16.52431801,0,0,0,2,0,0,100,0,50,0
OH_11732,OH_11732,,0,0,3P_22 KV_ACSR-185SQMM,12.94795719,0,0,0,2,0,0,100,0,50,0
OH_11733,OH_11733,,0,0,3P_22 KV_ACSR-185SQMM,6.77259468,0,0,0,2,0,0,100,0,50,0
OH_11734,OH_11734,,0,0,3P_22 KV_ACSR-185SQMM,8.27390497,0,0,0,2,0,0,100,0,50,0
OH_11735,OH_11735,,0,0,3P_22 KV_ACSR-95SQMM,0.99996546,0,0,0,2,0,0,100,0,50,0
BB_4918,BB_4918,,0,0,3P_22 KV_ACSR-70SQMM,0.50000000,0,0,0,2,0,0,100,0,50,0
BB_4919,BB_4919,,0,0,3P_22 KV_ACSR-70SQMM,0.50000000,0,0,0,2,0,0,100,0,50,0
BB_4970,BB_4970,,0,0,3P_22 KV_ACSR-150SQMM,0.50000000,0,0,0,2,0,0,100,0,50,0
BB_4971,BB_4971,,0,0,3P_22 KV_ACSR-150SQMM,0.50000000,0,0,0,2,0,0,100,0,50,0
BB_4998,BB_4998,,0,0,3P_22 KV_ACSR-120SQMM,0.50000000,0,0,0,2,0,0,100,0,50,0
BB_4999,BB_4999,,0,0,3P_22 KV_ACSR-120SQMM,0.50000000,0,0,0,2,0,0,100,0,50,0
BB_5018,BB_5018,,0,0,3P_22 KV_ACV-70SQMM,0.50000000,0,0,0,2,0,0,100,0,50,0
BB_5019,BB_5019,,0,0,3P_22 KV_ACV-70SQMM,0.50000000,0,0,0,2,0,0,100,0,50,0
BB_5030,BB_5030,,0,0,3P_22 KV_SQMM,0.50000000,0,0,0,2,0,0,100,0,50,0
BB_5031,BB_5031,,0,0,3P_22 KV_SQMM,0.50000000,0,0,0,2,0,0,100,0,50,0
BB_5032,BB_5032,,0,0,3P_22 KV_ACSR-150SQMM,0.50000000,0,0,0,2,0,0,100,0,50,0
BB_5033,BB_5033,,0,0,3P_22 KV_ACSR-150SQMM,0.50000000,0,0,0,2,0,0,100,0,50,0
BB_5048,BB_5048,,0,0,3P_22 KV_SQMM,0.50000000,0,0,0,2,0,0,100,0,50,0
BB_5049,BB_5049,,0,0,3P_22 KV_SQMM,0.50000000,0,0,0,2,0,0,100,0,50,0
BB_5072,BB_5072,,0,0,3P_22 KV_ACV-70SQMM,0.50000000,0,0,0,2,0,0,100,0,50,0
BB_5073,BB_5073,,0,0,3P_22 KV_ACV-70SQMM,0.50000000,0,0,0,2,0,0,100,0,50,0
BB_5088,BB_5088,,0,0,3P_22 KV_ACSR-150SQMM,0.50000000,0,0,0,2,0,0,100,0,50,0
BB_5089,BB_5089,,0,0,3P_22 KV_ACSR-150SQMM,0.50000000,0,0,0,2,0,0,100,0,50,0
BB_5098,BB_5098,,0,0,3P_22 KV_ACSR-70SQMM,0.50000000,0,0,0,2,0,0,100,0,50,0
BB_5099,BB_5099,,0,0,3P_22 KV_ACSR-70SQMM,0.50000000,0,0,0,2,0,0,100,0,50,0
BB_5126,BB_5126,,0,0,3P_22 KV_SQMM,0.50000000,0,0,0,2,0,0,100,0,50,0
BB_5127,BB_5127,,0,0,3P_22 KV_SQMM,0.50000000,0,0,0,2,0,0,100,0,50,0
BB_5154,BB_5154,,0,0,3P_22 KV_SQMM,0.50000000,0,0,0,2,0,0,100,0,50,0
BB_5155,BB_5155,,0,0,3P_22 KV_SQMM,0.50000000,0,0,0,2,0,0,100,0,50,0
BB_5158,BB_5158,,0,0,3P_22 KV_SQMM,0.50000000,0,0,0,2,0,0,100,0,50,0
BB_5159,BB_5159,,0,0,3P_22 KV_SQMM,0.50000000,0,0,0,2,0,0,100,0,50,0
BB_5238,BB_5238,,0,0,3P_22 KV_ACSR-150SQMM,0.50000000,0,0,0,2,0,0,100,0,50,0
BB_5239,BB_5239,,0,0,3P_22 KV_ACSR-150SQMM,0.50000000,0,0,0,2,0,0,100,0,50,0
BB_5254,BB_5254,,0,0,3P_22 KV_ACSR-150SQMM,0.50000000,0,0,0,2,0,0,100,0,50,0
BB_5255,BB_5255,,0,0,3P_22 KV_ACSR-150SQMM,0.50000000,0,0,0,2,0,0,100,0,50,0
BB_5256,BB_5256,,0,0,3P_22 KV_ACSR-150SQMM,0.50000000,0,0,0,2,0,0,100,0,50,0
BB_5257,BB_5257,,0,0,3P_22 KV_ACSR-150SQMM,0.50000000,0,0,0,2,0,0,100,0,50,0
BB_5262,BB_5262,,0,0,3P_22 KV_SQMM,0.50000000,0,0,0,2,0,0,100,0,50,0
BB_5263,BB_5263,,0,0,3P_22 KV_SQMM,0.50000000,0,0,0,2,0,0,100,0,50,0
BB_5316,BB_5316,,0,0,3P_22 KV_SQMM,0.50000000,0,0,0,2,0,0,100,0,50,0
BB_5317,BB_5317,,0,0,3P_22 KV_SQMM,0.50000000,0,0,0,2,0,0,100,0,50,0
BB_5340,BB_5340,,0,0,3P_22 KV_ACSR-70SQMM,0.50000000,0,0,0,2,0,0,100,0,50,0
BB_5341,BB_5341,,0,0,3P_22 KV_ACSR-70SQMM,0.50000000,0,0,0,2,0,0,100,0,50,0
BB_5350,BB_5350,,0,0,3P_22 KV_ACSR-70SQMM,0.50000000,0,0,0,2,0,0,100,0,50,0
BB_5351,BB_5351,,0,0,3P_22 KV_ACSR-70SQMM,0.50000000,0,0,0,2,0,0,100,0,50,0
BB_5378,BB_5378,,0,0,3P_22 KV_SQMM,1.40000000,0,0,0,2,0,0,100,0,50,0
BB_5379,BB_5379,,0,0,3P_22 KV_SQMM,0.70000000,0,0,0,2,0,0,100,0,50,0
BB_5380,BB_5380,,0,0,3P_22 KV_SQMM,0.70000000,0,0,0,2,0,0,100,0,50,0
BB_5381,BB_5381,,0,0,3P_22 KV_SQMM,0.70000000,0,0,0,2,0,0,100,0,50,0
BB_5384,BB_5384,,0,0,3P_22 KV_SQMM,0.70000000,0,0,0,2,0,0,100,0,50,0
BB_5385,BB_5385,,0,0,3P_22 KV_SQMM,0.70000000,0,0,0,2,0,0,100,0,50,0
BB_5386,BB_5386,,0,0,3P_22 KV_SQMM,0.70000000,0,0,0,2,0,0,100,0,50,0
BB_5587,BB_5587,,0,0,3P_22 KV_SQMM,0.50000000,0,0,0,2,0,0,100,0,50,0
BB_5588,BB_5588,,0,0,3P_22 KV_SQMM,0.50000000,0,0,0,2,0,0,100,0,50,0
BB_5589,BB_5589,,0,0,3P_22 KV_SQMM,0.50000000,0,0,0,2,0,0,100,0,50,0
BB_10667,BB_10667,,0,0,3P_22 KV_SQMM,0.70000000,0,0,0,2,0,0,100,0,50,0
BB_10668,BB_10668,,0,0,3P_22 KV_SQMM,0.70000000,0,0,0,2,0,0,100,0,50,0
BB_10669,BB_10669,,0,0,3P_22 KV_SQMM,0.70000000,0,0,0,2,0,0,100,0,50,0
BB_10670,BB_10670,,0,0,3P_22 KV_SQMM,0.70000000,0,0,0,2,0,0,100,0,50,0
BB_10671,BB_10671,,0,0,3P_22 KV_SQMM,0.70000000,0,0,0,2,0,0,100,0,50,0
BB_10672,BB_10672,,0,0,3P_22 KV_SQMM,0.70000000,0,0,0,2,0,0,100,0,50,0
BB_10673,BB_10673,,0,0,3P_22 KV_SQMM,0.70000000,0,0,0,2,0,0,100,0,50,0
BB_10716,BB_10716,,0,0,3P_22 KV_ACSR-185SQMM,0.50000000,0,0,0,2,0,0,100,0,50,0
BB_10717,BB_10717,,0,0,3P_22 KV_ACSR-185SQMM,0.50000000,0,0,0,2,0,0,100,0,50,0
BB_10734,BB_10734,,0,0,3P_22 KV_ACSR-95SQMM,0.50000000,0,0,0,2,0,0,100,0,50,0
BB_10735,BB_10735,,0,0,3P_22 KV_ACSR-95SQMM,0.50000000,0,0,0,2,0,0,100,0,50,0
BB_10758,BB_10758,,0,0,3P_22 KV_AV-70SQMM,0.50000000,0,0,0,2,0,0,100,0,50,0
BB_10759,BB_10759,,0,0,3P_22 KV_AV-70SQMM,0.50000000,0,0,0,2,0,0,100,0,50,0
BB_10762,BB_10762,,0,0,3P_22 KV_SQMM,0.50000000,0,0,0,2,0,0,100,0,50,0
BB_10763,BB_10763,,0,0,3P_22 KV_SQMM,0.50000000,0,0,0,2,0,0,100,0,50,0
BB_10772,BB_10772,,0,0,3P_22 KV_SQMM,0.50000000,0,0,0,2,0,0,100,0,50,0
BB_10773,BB_10773,,0,0,3P_22 KV_SQMM,0.50000000,0,0,0,2,0,0,100,0,50,0
BB_10778,BB_10778,,0,0,3P_22 KV_ACSR-185SQMM,0.50000000,0,0,0,2,0,0,100,0,50,0
BB_10779,BB_10779,,0,0,3P_22 KV_ACSR-185SQMM,0.50000000,0,0,0,2,0,0,100,0,50,0
BB_10784,BB_10784,,0,0,3P_22 KV_SQMM,0.50000000,0,0,0,2,0,0,100,0,50,0
BB_10785,BB_10785,,0,0,3P_22 KV_SQMM,0.50000000,0,0,0,2,0,0,100,0,50,0
BB_10790,BB_10790,,0,0,3P_22 KV_SQMM,0.50000000,0,0,0,2,0,0,100,0,50,0
BB_10791,BB_10791,,0,0,3P_22 KV_SQMM,0.50000000,0,0,0,2,0,0,100,0,50,0
BB_10800,BB_10800,,0,0,3P_22 KV_ACSR-70SQMM,0.50000000,0,0,0,2,0,0,100,0,50,0
BB_10801,BB_10801,,0,0,3P_22 KV_ACSR-70SQMM,0.50000000,0,0,0,2,0,0,100,0,50,0
BB_10816,BB_10816,,0,0,3P_22 KV_SQMM,0.50000000,0,0,0,2,0,0,100,0,50,0
BB_10817,BB_10817,,0,0,3P_22 KV_SQMM,0.50000000,0,0,0,2,0,0,100,0,50,0
BB_10818,BB_10818,,0,0,3P_22 KV_SQMM,0.50000000,0,0,0,2,0,0,100,0,50,0
BB_10819,BB_10819,,0,0,3P_22 KV_SQMM,0.50000000,0,0,0,2,0,0,100,0,50,0
BB_10832,BB_10832,,0,0,3P_22 KV_SQMM,0.50000000,0,0,0,2,0,0,100,0,50,0
BB_10833,BB_10833,,0,0,3P_22 KV_SQMM,0.50000000,0,0,0,2,0,0,100,0,50,0
BB_10844,BB_10844,,0,0,3P_22 KV_ACSR-95SQMM,0.50000000,0,0,0,2,0,0,100,0,50,0
BB_10845,BB_10845,,0,0,3P_22 KV_ACSR-95SQMM,0.50000000,0,0,0,2,0,0,100,0,50,0
BB_10850,BB_10850,,0,0,3P_22 KV_ACSR-95SQMM,0.50000000,0,0,0,2,0,0,100,0,50,0
BB_10851,BB_10851,,0,0,3P_22 KV_ACSR-95SQMM,0.50000000,0,0,0,2,0,0,100,0,50,0
BB_10852,BB_10852,,0,0,3P_22 KV_SQMM,0.50000000,0,0,0,2,0,0,100,0,50,0
BB_10853,BB_10853,,0,0,3P_22 KV_SQMM,0.50000000,0,0,0,2,0,0,100,0,50,0
BB_10854,BB_10854,,0,0,3P_22 KV_SQMM,0.50000000,0,0,0,2,0,0,100,0,50,0
BB_10855,BB_10855,,0,0,3P_22 KV_SQMM,0.50000000,0,0,0,2,0,0,100,0,50,0
BB_10858,BB_10858,,0,0,3P_22 KV_ACSR-95SQMM,0.50000000,0,0,0,2,0,0,100,0,50,0
BB_10859,BB_10859,,0,0,3P_22 KV_ACSR-95SQMM,0.50000000,0,0,0,2,0,0,100,0,50,0
BB_10876,BB_10876,,0,0,3P_22 KV_SQMM,0.50000000,0,0,0,2,0,0,100,0,50,0
BB_10877,BB_10877,,0,0,3P_22 KV_SQMM,0.50000000,0,0,0,2,0,0,100,0,50,0
BB_10892,BB_10892,,0,0,3P_22 KV_ACSR-95SQMM,0.50000000,0,0,0,2,0,0,100,0,50,0
BB_10893,BB_10893,,0,0,3P_22 KV_ACSR-95SQMM,0.50000000,0,0,0,2,0,0,100,0,50,0
BB_10894,BB_10894,,0,0,3P_22 KV_SQMM,0.50000000,0,0,0,2,0,0,100,0,50,0
BB_10895,BB_10895,,0,0,3P_22 KV_SQMM,0.50000000,0,0,0,2,0,0,100,0,50,0
BB_10912,BB_10912,,0,0,3P_22 KV_ACSR-185SQMM,0.50000000,0,0,0,2,0,0,100,0,50,0
BB_10913,BB_10913,,0,0,3P_22 KV_ACSR-185SQMM,0.50000000,0,0,0,2,0,0,100,0,50,0
BB_10914,BB_10914,,0,0,3P_22 KV_ACSR-50SQMM,0.50000000,0,0,0,2,0,0,100,0,50,0
BB_10915,BB_10915,,0,0,3P_22 KV_ACSR-50SQMM,0.50000000,0,0,0,2,0,0,100,0,50,0
BB_10918,BB_10918,,0,0,3P_22 KV_SQMM,0.50000000,0,0,0,2,0,0,100,0,50,0
BB_10919,BB_10919,,0,0,3P_22 KV_SQMM,0.50000000,0,0,0,2,0,0,100,0,50,0
BB_10920,BB_10920,,0,0,3P_22 KV_ACSR-95SQMM,0.50000000,0,0,0,2,0,0,100,0,50,0
BB_10921,BB_10921,,0,0,3P_22 KV_ACSR-95SQMM,0.50000000,0,0,0,2,0,0,100,0,50,0
BB_10930,BB_10930,,0,0,3P_22 KV_SQMM,0.50000000,0,0,0,2,0,0,100,0,50,0
BB_10931,BB_10931,,0,0,3P_22 KV_SQMM,0.50000000,0,0,0,2,0,0,100,0,50,0
BB_10934,BB_10934,,0,0,3P_22 KV_ACSR-70SQMM,0.50000000,0,0,0,2,0,0,100,0,50,0
BB_10935,BB_10935,,0,0,3P_22 KV_ACSR-70SQMM,0.50000000,0,0,0,2,0,0,100,0,50,0
BB_10938,BB_10938,,0,0,3P_22 KV_ACSR-185SQMM,0.50000000,0,0,0,2,0,0,100,0,50,0
BB_10939,BB_10939,,0,0,3P_22 KV_ACSR-185SQMM,0.50000000,0,0,0,2,0,0,100,0,50,0
BB_10940,BB_10940,,0,0,3P_22 KV_ACSR-95SQMM,0.50000000,0,0,0,2,0,0,100,0,50,0
BB_10941,BB_10941,,0,0,3P_22 KV_ACSR-95SQMM,0.50000000,0,0,0,2,0,0,100,0,50,0
BB_10950,BB_10950,,0,0,3P_22 KV_ACSR-95SQMM,0.50000000,0,0,0,2,0,0,100,0,50,0
BB_10951,BB_10951,,0,0,3P_22 KV_ACSR-95SQMM,0.50000000,0,0,0,2,0,0,100,0,50,0
BB_10962,BB_10962,,0,0,3P_22 KV_SQMM,0.50000000,0,0,0,2,0,0,100,0,50,0
BB_10963,BB_10963,,0,0,3P_22 KV_SQMM,0.50000000,0,0,0,2,0,0,100,0,50,0
BB_10966,BB_10966,,0,0,3P_22 KV_SQMM,0.50000000,0,0,0,2,0,0,100,0,50,0
BB_10967,BB_10967,,0,0,3P_22 KV_SQMM,0.50000000,0,0,0,2,0,0,100,0,50,0
BB_10970,BB_10970,,0,0,3P_22 KV_ACSR-95SQMM,0.50000000,0,0,0,2,0,0,100,0,50,0
BB_10971,BB_10971,,0,0,3P_22 KV_ACSR-95SQMM,0.50000000,0,0,0,2,0,0,100,0,50,0
BB_10994,BB_10994,,0,0,3P_22 KV_SQMM,0.50000000,0,0,0,2,0,0,100,0,50,0
BB_10995,BB_10995,,0,0,3P_22 KV_SQMM,0.50000000,0,0,0,2,0,0,100,0,50,0
BB_11004,BB_11004,,0,0,3P_22 KV_ACSR-95SQMM,0.50000000,0,0,0,2,0,0,100,0,50,0
BB_11005,BB_11005,,0,0,3P_22 KV_ACSR-95SQMM,0.50000000,0,0,0,2,0,0,100,0,50,0
BB_11008,BB_11008,,0,0,3P_22 KV_SQMM,0.50000000,0,0,0,2,0,0,100,0,50,0
BB_11009,BB_11009,,0,0,3P_22 KV_SQMM,0.50000000,0,0,0,2,0,0,100,0,50,0
BB_11018,BB_11018,,0,0,3P_22 KV_SQMM,0.50000000,0,0,0,2,0,0,100,0,50,0
BB_11019,BB_11019,,0,0,3P_22 KV_SQMM,0.50000000,0,0,0,2,0,0,100,0,50,0
BB_11026,BB_11026,,0,0,3P_22 KV_SQMM,0.50000000,0,0,0,2,0,0,100,0,50,0
BB_11027,BB_11027,,0,0,3P_22 KV_SQMM,0.50000000,0,0,0,2,0,0,100,0,50,0
BB_11038,BB_11038,,0,0,3P_22 KV_SQMM,0.50000000,0,0,0,2,0,0,100,0,50,0
BB_11039,BB_11039,,0,0,3P_22 KV_SQMM,0.50000000,0,0,0,2,0,0,100,0,50,0
BB_11062,BB_11062,,0,0,3P_22 KV_SQMM,0.50000000,0,0,0,2,0,0,100,0,50,0
BB_11063,BB_11063,,0,0,3P_22 KV_SQMM,0.50000000,0,0,0,2,0,0,100,0,50,0
BB_11064,BB_11064,,0,0,3P_22 KV_SQMM,0.50000000,0,0,0,2,0,0,100,0,50,0
BB_11065,BB_11065,,0,0,3P_22 KV_SQMM,0.50000000,0,0,0,2,0,0,100,0,50,0
BB_11070,BB_11070,,0,0,3P_22 KV_ACSR-70SQMM,0.50000000,0,0,0,2,0,0,100,0,50,0
BB_11071,BB_11071,,0,0,3P_22 KV_ACSR-70SQMM,0.50000000,0,0,0,2,0,0,100,0,50,0
BB_11076,BB_11076,,0,0,3P_22 KV_ACSR-185SQMM,0.50000000,0,0,0,2,0,0,100,0,50,0
BB_11077,BB_11077,,0,0,3P_22 KV_ACSR-185SQMM,0.50000000,0,0,0,2,0,0,100,0,50,0
BB_11094,BB_11094,,0,0,3P_22 KV_ACSR-185SQMM,0.50000000,0,0,0,2,0,0,100,0,50,0
BB_11095,BB_11095,,0,0,3P_22 KV_ACSR-185SQMM,0.50000000,0,0,0,2,0,0,100,0,50,0
BB_11098,BB_11098,,0,0,3P_22 KV_ACSR-185SQMM,0.50000000,0,0,0,2,0,0,100,0,50,0
BB_11099,BB_11099,,0,0,3P_22 KV_ACSR-185SQMM,0.50000000,0,0,0,2,0,0,100,0,50,0
BB_11102,BB_11102,,0,0,3P_22 KV_SQMM,0.50000000,0,0,0,2,0,0,100,0,50,0
BB_11103,BB_11103,,0,0,3P_22 KV_SQMM,0.50000000,0,0,0,2,0,0,100,0,50,0
BB_11112,BB_11112,,0,0,3P_22 KV_ACSR-185SQMM,0.50000000,0,0,0,2,0,0,100,0,50,0
BB_11113,BB_11113,,0,0,3P_22 KV_ACSR-185SQMM,0.50000000,0,0,0,2,0,0,100,0,50,0
BB_11128,BB_11128,,0,0,3P_22 KV_ACSR-95SQMM,0.50000000,0,0,0,2,0,0,100,0,50,0
BB_11129,BB_11129,,0,0,3P_22 KV_ACSR-95SQMM,0.50000000,0,0,0,2,0,0,100,0,50,0
BB_11142,BB_11142,,0,0,3P_22 KV_SQMM,0.50000000,0,0,0,2,0,0,100,0,50,0
BB_11143,BB_11143,,0,0,3P_22 KV_SQMM,0.50000000,0,0,0,2,0,0,100,0,50,0
BB_11186,BB_11186,,0,0,3P_22 KV_ACSR-95SQMM,0.50000000,0,0,0,2,0,0,100,0,50,0
BB_11187,BB_11187,,0,0,3P_22 KV_ACSR-95SQMM,0.50000000,0,0,0,2,0,0,100,0,50,0
BB_11192,BB_11192,,0,0,3P_22 KV_ACSR-95SQMM,0.50000000,0,0,0,2,0,0,100,0,50,0
BB_11193,BB_11193,,0,0,3P_22 KV_ACSR-95SQMM,0.50000000,0,0,0,2,0,0,100,0,50,0
BB_11194,BB_11194,,0,0,3P_22 KV_ACSR-95SQMM,0.50000000,0,0,0,2,0,0,100,0,50,0
BB_11195,BB_11195,,0,0,3P_22 KV_ACSR-95SQMM,0.50000000,0,0,0,2,0,0,100,0,50,0
BB_11208,BB_11208,,0,0,3P_22 KV_ACSR-185SQMM,0.50000000,0,0,0,2,0,0,100,0,50,0
BB_11209,BB_11209,,0,0,3P_22 KV_ACSR-185SQMM,0.50000000,0,0,0,2,0,0,100,0,50,0
BB_11228,BB_11228,,0,0,3P_22 KV_SQMM,0.50000000,0,0,0,2,0,0,100,0,50,0
BB_11229,BB_11229,,0,0,3P_22 KV_SQMM,0.50000000,0,0,0,2,0,0,100,0,50,0
BB_11236,BB_11236,,0,0,3P_22 KV_AV-50SQMM,0.50000000,0,0,0,2,0,0,100,0,50,0
BB_11237,BB_11237,,0,0,3P_22 KV_AV-50SQMM,0.50000000,0,0,0,2,0,0,100,0,50,0
BB_11252,BB_11252,,0,0,3P_22 KV_ACSR-185SQMM,0.50000000,0,0,0,2,0,0,100,0,50,0
BB_11253,BB_11253,,0,0,3P_22 KV_ACSR-185SQMM,0.50000000,0,0,0,2,0,0,100,0,50,0
BB_11262,BB_11262,,0,0,3P_22 KV_ACSR-95SQMM,0.50000000,0,0,0,2,0,0,100,0,50,0
BB_11263,BB_11263,,0,0,3P_22 KV_ACSR-95SQMM,0.50000000,0,0,0,2,0,0,100,0,50,0
BB_11266,BB_11266,,0,0,3P_22 KV_SQMM,0.50000000,0,0,0,2,0,0,100,0,50,0
BB_11267,BB_11267,,0,0,3P_22 KV_SQMM,0.50000000,0,0,0,2,0,0,100,0,50,0
BB_11284,BB_11284,,0,0,3P_22 KV_ACSR-70SQMM,0.50000000,0,0,0,2,0,0,100,0,50,0
BB_11285,BB_11285,,0,0,3P_22 KV_ACSR-70SQMM,0.50000000,0,0,0,2,0,0,100,0,50,0
BB_11288,BB_11288,,0,0,3P_22 KV_ACSR-185SQMM,0.50000000,0,0,0,2,0,0,100,0,50,0
BB_11289,BB_11289,,0,0,3P_22 KV_ACSR-185SQMM,0.50000000,0,0,0,2,0,0,100,0,50,0
BB_11498,BB_11498,,0,0,3P_22 KV_SQMM,0.49998849,0,0,0,2,0,0,100,0,50,0
BB_11661,BB_11661,,0,0,3P_22 KV_SQMM,0.70000000,0,0,0,2,0,0,100,0,50,0
BB_11669,BB_11669,,0,0,3P_22 KV_ACSR-185SQMM,0.50000000,0,0,0,2,0,0,100,0,50,0
BB_11670,BB_11670,,0,0,3P_22 KV_ACSR-185SQMM,0.50000000,0,0,0,2,0,0,100,0,50,0
