
[INTERMEDIATE NODES]
FORMAT_INTERMEDIATENODE=SectionID,SeqNumber,CoordX,CoordY,IsBreakPoint,BreakPointLocation
               
OH_4645,1,757341.490250835,1838855.37853295,,
OH_4645,2,757380.048881506,1838951.06195855,,
OH_4645,3,757424.988546136,1839039.84719609,,
OH_4645,4,757481.343195827,1839102.64014022,,
OH_4645,5,757580.093845987,1839155.20598299,,
OH_4645,6,757676.187835972,1839206.74260406,,
OH_4645,7,757767.005823199,1839262.09157269,,
OH_4645,8,757832.90770213,1839320.90429688,,
OH_4645,9,757891.597887752,1839384.61269558,,
OH_4645,10,757946.568090103,1839446.94773163,,
OH_4645,11,758005.300100712,1839515.97173345,,
OH_4645,12,758064.214962367,1839561.08249649,,
OH_4645,13,758114.112570626,1839610.18209322,,
OH_4645,14,758187.2781815,1839668.41883676,,
OH_4645,15,758209.416057403,1839723.02808776,,
OH_4645,16,758262.846354878,1839722.25702763,,
OH_4645,17,758292.220799862,1839800.11775882,,
OH_4645,18,758323.642017897,1839894.05679927,,
OH_4666,1,755026.715677637,1836062.32813283,,
OH_4666,2,755094.631345442,1836070.11191386,,
OH_4668,1,755651.19543902,1837507.78945643,,
OH_4668,2,755679.001998664,1837566.02872266,,
OH_4668,3,755704.788969099,1837623.68908179,,
OH_4668,4,755716.500643964,1837650.05290149,,
OH_4668,5,755731.027097391,1837679.14064002,,
OH_4668,6,755757.439773787,1837737.91588874,,
OH_4668,7,755782.373665197,1837795.45570713,,
OH_4668,8,755809.939064083,1837856.01624639,,
OH_4668,9,755839.110786689,1837916.15342497,,
OH_4668,10,755858.897094095,1837975.51388275,,
OH_4668,11,755879.741383124,1838035.66196401,,
OH_4668,12,755901.440660114,1838095.70971712,,
OH_4668,13,755916.585195871,1838159.33271823,,
OH_4668,14,755932.259114624,1838223.29413234,,
OH_4668,15,755946.04100932,1838284.79743849,,
OH_4672,1,755121.926875768,1834899.31972821,,
OH_4672,2,755168.435334025,1834904.70671607,,
OH_4685,1,757330.032366679,1838609.48298946,,
OH_4685,2,757354.689503632,1838583.03017039,,
OH_4692,1,754816.209509603,1836390.76290451,,
OH_4692,2,754716.918317788,1836378.51743495,,
OH_4692,3,754624.823170356,1836369.131566,,
OH_4692,4,754539.485221487,1836357.37301886,,
OH_4699,1,755913.650925264,1838008.01518812,,
OH_4699,2,755902.145519105,1837976.50215309,,
OH_4699,3,755887.830700399,1837928.45059663,,
OH_4699,4,755860.110705707,1837881.98139117,,
OH_4699,5,755845.548061137,1837833.74866716,,
OH_4715,1,754736.400519543,1833357.0891463,,
OH_4715,2,754757.625565758,1833399.57437775,,
OH_4715,3,754785.166125376,1833449.89058074,,
OH_4715,4,754812.167582179,1833491.30541997,,
OH_4717,1,754690.2682871,1833172.23900886,,
OH_4717,2,754726.652467753,1833138.12333587,,
OH_4717,3,754769.250672925,1833099.31410633,,
OH_4717,4,754815.989353421,1833064.57430444,,
OH_4717,5,754869.550290346,1833028.13649022,,
OH_4717,6,754919.221896873,1832990.58521036,,
OH_4760,1,755041.245553898,1834520.31496972,,
OH_4760,2,755052.903092203,1834581.34836594,,
OH_4760,3,755070.999489867,1834648.76937526,,
OH_4760,4,755082.54043758,1834701.71905876,,
OH_4760,5,755096.568700886,1834760.899677,,
OH_4760,6,755111.252623074,1834818.97985023,,
OH_4763,1,754958.749707996,1834046.22997278,,
OH_4764,1,755061.445485723,1834455.78591356,,
OH_4764,2,755110.019894318,1834447.39642432,,
OH_4764,3,755154.153638137,1834435.41117049,,
OH_4764,4,755191.660965297,1834423.90062118,,
OH_4765,1,755170.197404371,1837584.08428613,,
OH_4765,2,755211.80563469,1837568.52683137,,
OH_4765,3,755258.55510003,1837551.3701847,,
OH_4765,4,755303.919244035,1837534.19819101,,
OH_4765,5,755351.198580713,1837517.4910358,,
OH_4765,6,755399.338352562,1837500.2393361,,
OH_4765,7,755448.46025571,1837481.22920003,,
OH_4765,8,755488.462682744,1837465.98541141,,
OH_4765,9,755532.848318838,1837450.24038255,,
OH_4765,10,755566.306642651,1837437.68633978,,
OH_4858,1,754915.219286933,1832584.80394103,,
OH_4858,2,754881.609752346,1832618.5040449,,
OH_4858,3,754849.390771831,1832652.00149895,,
OH_4858,4,754801.873306393,1832696.94009165,,
OH_4858,5,754773.005173438,1832727.04534379,,
OH_4858,6,754738.221656305,1832760.73276433,,
OH_4858,7,754701.913504324,1832805.91655713,,
OH_4858,8,754662.963696938,1832830.69720835,,
OH_4858,9,754629.074193064,1832861.07398584,,
OH_4858,10,754586.096846445,1832901.41786647,,
OH_4858,11,754560.682715312,1832937.43123671,,
OH_4858,12,754520.813064937,1832958.87955004,,
OH_4858,13,754499.172443809,1832982.87065013,,
OH_4864,1,755121.921875069,1834899.82000075,,
OH_4864,2,755172.859727385,1834922.15892533,,
OH_4864,3,755187.164328016,1834980.50051731,,
OH_4864,4,755198.329413857,1835028.9528399,,
OH_4864,5,755208.586994107,1835075.28363957,,
OH_4864,6,755219.361261533,1835117.24549858,,
BB_5378,1,754471.957673202,1833017.99867675,,
BB_5378,2,754472.606488348,1833018.00516261,,
BB_5378,3,754472.625705747,1833018.00539079,,
BB_5378,4,754472.625431033,1833018.02852733,,
BB_5379,1,754473.177909972,1833018.7113452,,
CA_5382,1,754472.386766786,1833014.60343855,,
CA_5382,2,754472.806503289,1833013.92076051,,
OH_5498,1,755210.196748471,1835231.33517972,,
OH_5498,2,755222.234070479,1835275.63275849,,
OH_5498,3,755233.677068293,1835327.67438206,,
OH_5498,4,755247.259032306,1835377.39177198,,
OH_5498,5,755259.518617864,1835430.08920736,,
OH_5502,1,754891.947176281,1836400.09641242,,
OH_5504,1,755622.534161425,1837449.43042037,,
CA_5597,1,755030.581431242,1832352.00180496,,
CA_5597,2,755024.773097799,1832356.18746324,,
CA_5597,3,755026.829614217,1832358.92549076,,
CA_5597,4,755044.454478875,1832364.62106647,,
OH_5653,1,754918.671524944,1836464.44943178,,
OH_5653,2,754912.396196818,1836513.4313334,,
OH_5653,3,754906.855633568,1836557.83374975,,
OH_5653,4,754900.932394472,1836613.29460445,,
OH_5653,5,754892.364980128,1836662.46187655,,
OH_5653,6,754887.164929043,1836711.35030435,,
OH_5653,7,754882.968237854,1836757.11960078,,
OH_5653,8,754874.176939806,1836818.98449312,,
OH_5653,9,754858.779151584,1836816.56006107,,
OH_5653,10,754839.929545788,1836873.54534129,,
OH_5653,11,754830.604096882,1836912.51635832,,
OH_5653,12,754816.763752633,1836954.09189877,,
OH_5653,13,754801.608108081,1837007.49964018,,
OH_5653,14,754786.415715409,1837055.03670844,,
OH_5653,15,754814.826792217,1837233.07777432,,
OH_5653,16,754850.80084482,1837278.12471049,,
OH_5664,1,754473.301412203,1833014.53303253,,
OH_5664,2,754473.320354891,1833014.55639725,,
OH_5664,3,754473.872833918,1833015.23921514,,
OH_5664,4,754526.419854543,1833080.18213601,,
OH_5664,5,754556.093367274,1833126.03930232,,
OH_5665,1,754641.429349427,1833268.10633688,,
OH_5665,2,754664.227343817,1833317.42486211,,
OH_5671,1,756051.514976207,1838070.93507907,,
OH_5671,2,756154.311856341,1838116.01159029,,
OH_5671,3,756254.9549528,1838162.72350085,,
OH_5671,4,756356.648148207,1838202.03050467,,
OH_5671,5,756460.694076137,1838249.78091583,,
OH_5671,6,756514.580841564,1838251.86709671,,
OH_5671,7,756605.470337828,1838221.62495137,,
OH_5671,8,756719.428570411,1838181.80629898,,
OH_5671,9,756813.473548176,1838146.8420511,,
OH_5671,10,756928.803065117,1838117.33765024,,
OH_5681,1,754722.665022759,1833431.71507447,,
OH_5681,2,754764.637881602,1833502.74194477,,
OH_5681,3,754787.287590727,1833546.52196669,,
OH_5681,4,754762.197990336,1833564.15988943,,
OH_5681,5,754772.536031386,1833628.72002974,,
OH_5681,6,754783.455651087,1833698.15876618,,
OH_5681,7,754840.95081679,1833729.84451571,,
OH_5681,8,754854.31365221,1833791.3407665,,
OH_5681,9,754872.823012762,1833851.01619213,,
OH_5681,10,754886.486042347,1833914.1767131,,
OH_5681,11,754900.125356138,1833979.32999613,,
OH_5682,1,754940.068320049,1834104.02343591,,
OH_5682,2,754950.439500926,1834165.71231163,,
OH_5682,3,754959.830432834,1834219.96483622,,
OH_5682,4,754974.951701196,1834277.16535324,,
OH_5682,5,754992.384591635,1834337.60311409,,
OH_5682,6,755008.060639342,1834393.03770755,,
OH_5683,1,755381.660712531,1837818.23258921,,
OH_5683,2,755498.412625821,1837857.16038929,,
OH_5683,3,755628.878434198,1837909.87324224,,
OH_5683,4,755742.161571871,1837944.22268135,,
OH_5683,5,755852.806415668,1837993.8200956,,
OH_5713,1,755088.677147396,1834993.09080065,,
OH_5713,2,755082.214541249,1835060.55142696,,
OH_5713,3,755072.545327781,1835110.48048889,,
OH_5713,4,755064.709723296,1835176.59614503,,
OH_5713,5,755059.600828736,1835220.04721872,,
OH_5713,6,755076.242016303,1835239.29003055,,
OH_5716,1,755101.972679118,1834873.23042456,,
OH_5754,1,755064.704890173,1832468.77787026,,
OH_5754,2,755023.389215104,1832494.96907589,,
OH_5754,3,754988.731693102,1832526.88622195,,
OH_5762,1,755177.494752155,1837670.42165378,,
OH_5762,2,755219.805491363,1837729.93941315,,
OH_5796,1,757400.347471399,1838524.67310715,,
OH_5829,1,755059.026139756,1835353.0408032,,
OH_5829,2,755050.464101799,1835402.88673195,,
OH_5829,3,755044.711461295,1835457.89125054,,
OH_5829,4,755040.871156357,1835491.74938247,,
OH_5829,5,755039.367439838,1835503.79191425,,
OH_5829,6,755033.464064328,1835548.61859583,,
OH_5829,7,755028.75175648,1835592.56930314,,
OH_5829,8,755023.258404687,1835642.31229699,,
OH_5829,9,755016.429252837,1835695.75172784,,
OH_5829,10,755010.998662921,1835748.64205958,,
OH_5829,11,755005.830766656,1835788.81619032,,
OH_5829,12,754998.058192047,1835846.24913867,,
OH_5829,13,754992.101902254,1835895.52160193,,
OH_5829,14,754984.003545398,1835950.28226612,,
OH_5829,15,754979.44149363,1835996.68936981,,
OH_5830,1,754965.126945893,1836113.56040959,,
OH_5830,2,754959.431225353,1836155.93385164,,
OH_5830,3,754950.507358645,1836201.93246195,,
OH_5830,4,754949.251307027,1836259.2281696,,
OH_5830,5,754939.504054631,1836314.21718815,,
OH_5830,6,754928.738750128,1836367.55766971,,
OH_5831,1,754915.810788497,1837350.20285041,,
OH_5831,2,754942.494314483,1837386.50425056,,
OH_5831,3,754971.76452377,1837420.7330262,,
OH_5831,4,755002.686933295,1837459.63159476,,
OH_5831,5,755031.848985822,1837493.96980032,,
OH_5831,6,755063.525072846,1837532.32378362,,
OH_5831,7,755091.074863271,1837567.64054019,,
OH_5832,1,755655.057189322,1837407.9678957,,
OH_5832,2,755693.668071335,1837393.15057,,
OH_5833,1,757052.267967076,1838139.30563803,,
OH_5833,2,757110.070160861,1838277.29275565,,
OH_5833,3,757149.346304275,1838375.64152653,,
OH_5833,4,757189.919089058,1838472.67707599,,
OH_5833,5,757234.935543351,1838564.12068591,,
OH_5869,1,754658.707570975,1833195.09677778,,
OH_5905,1,758355.067592691,1839978.80596902,,
OH_5905,2,758373.712700867,1840043.47095061,,
OH_10354,1,767830.553841729,1835201.08101364,,
OH_10354,2,767930.062428003,1835190.00896323,,
OH_10354,3,767868.938397012,1835198.18191071,,
OH_10354,4,767832.532653148,1835203.53070168,,
OH_10355,1,759816.552991013,1837889.6188234,,
OH_10355,2,759825.764947568,1837844.06943331,,
OH_10355,3,759835.711020101,1837797.84238476,,
OH_10355,4,759822.142306362,1837714.38176459,,
OH_10355,5,759800.818256505,1837664.66334981,,
OH_10355,6,759783.770519274,1837617.95320291,,
OH_10355,7,759770.270685256,1837562.17361431,,
OH_10355,8,759760.406806729,1837511.15539849,,
OH_10381,1,763064.861363738,1836037.86687058,,
OH_10383,1,760456.937662458,1837712.5400253,,
OH_10385,1,769111.962684406,1835103.46517673,,
OH_10385,2,769114.720607069,1835040.70024832,,
OH_10385,3,769123.233861026,1834981.52993811,,
OH_10385,4,769122.872701127,1834907.73047673,,
OH_10385,5,769127.568953709,1834838.83452736,,
OH_10385,6,769137.075567091,1834768.93051448,,
OH_10387,1,765384.998153695,1835546.61382046,,
OH_10387,2,765435.290600996,1835534.17412287,,
OH_10387,3,765497.636508936,1835518.15371414,,
OH_10387,4,765553.336452785,1835506.89082539,,
OH_10387,5,765609.91023443,1835494.49955018,,
OH_10387,6,765666.47221312,1835482.96306993,,
OH_10387,7,765746.293379498,1835466.59112865,,
OH_10387,8,765830.755081269,1835445.4383847,,
OH_10387,9,765894.80641943,1835429.02057694,,
OH_10387,10,765958.284493654,1835415.71386344,,
OH_10387,11,766027.181963983,1835402.62305641,,
OH_10387,12,766092.07652607,1835388.91356117,,
OH_10387,13,766159.253141145,1835376.08632493,,
OH_10387,14,766208.074761886,1835365.30752025,,
OH_10387,15,766265.529132362,1835351.22141431,,
OH_10387,16,766334.434116541,1835337.56249443,,
OH_10387,17,766408.051910174,1835323.36341028,,
OH_10387,18,766479.840723401,1835344.21102852,,
OH_10387,19,766541.911244951,1835373.44720589,,
OH_10387,20,766588.625730343,1835393.95309915,,
OH_10387,21,766649.564430262,1835422.03726876,,
OH_10387,22,766702.527797045,1835446.60634199,,
OH_10387,23,766761.78384551,1835471.82313023,,
OH_10387,24,766826.71699755,1835501.09593086,,
OH_10387,25,766892.569420282,1835525.54166498,,
OH_10387,26,766946.349400009,1835540.52160328,,
OH_10387,27,767001.324693203,1835561.59439134,,
OH_10387,28,767061.919025676,1835573.32789225,,
OH_10387,29,767121.471535867,1835564.12562744,,
OH_10387,30,767186.184608704,1835554.94919126,,
OH_10387,31,767243.543583373,1835548.55004498,,
OH_10387,32,767296.93009056,1835539.25464196,,
OH_10387,33,767364.987239405,1835524.73361757,,
OH_10387,34,767444.058731137,1835504.11095658,,
OH_10387,35,767529.111755177,1835477.36150333,,
OH_10387,36,767595.81209468,1835456.84825014,,
OH_10387,37,767644.395006856,1835442.37024648,,
OH_10387,38,767705.032297179,1835425.76545107,,
OH_10387,39,767765.090029928,1835409.72270075,,
OH_10388,1,762169.994598057,1837302.67474651,,
OH_10388,2,762203.181178451,1837360.12263906,,
OH_10388,3,762232.651870877,1837432.20393727,,
OH_10388,4,762261.604979297,1837499.72380793,,
OH_10388,5,762291.088141977,1837570.66495829,,
OH_10388,6,762318.965269742,1837632.48059216,,
OH_10388,7,762341.751429663,1837689.10953209,,
OH_10388,8,762355.87185298,1837726.06401793,,
OH_10388,9,762384.934422169,1837776.67918917,,
OH_10388,10,762406.637721074,1837828.17179176,,
OH_10388,11,762434.403352968,1837899.09221473,,
OH_10388,12,762466.161976595,1837971.19887383,,
OH_10388,13,762486.665855886,1838026.17243486,,
OH_10388,14,762514.036091326,1838078.73688781,,
OH_10388,15,762545.186999282,1838153.68188565,,
OH_10388,16,762560.923610908,1838205.09593401,,
OH_10388,17,762589.108958121,1838261.22701012,,
OH_10388,18,762619.672055203,1838337.30322364,,
OH_10388,19,762644.642174287,1838402.49639112,,
OH_10388,20,762675.373799246,1838464.91374345,,
OH_10414,1,767246.257393508,1836059.21571516,,
OH_10467,1,767988.414098864,1835312.9537632,,
OH_10468,1,768419.781999859,1835247.96363332,,
OH_10468,2,768431.048458671,1835287.79309761,,
OH_10468,3,768437.578921153,1835326.03956524,,
OH_10468,4,768443.389242182,1835370.44122863,,
OH_10468,5,768447.16854508,1835426.59665746,,
OH_10468,6,768444.265764125,1835457.54523254,,
OH_10468,7,768436.627671224,1835506.17191461,,
OH_10468,8,768429.741500265,1835553.42946509,,
OH_10468,9,768419.199375638,1835596.33938314,,
OH_10468,10,768405.682865663,1835648.57514568,,
OH_10468,11,768393.481993132,1835701.93468818,,
OH_10468,12,768378.598398356,1835759.73952748,,
OH_10468,13,768365.408244647,1835807.26570066,,
OH_10468,14,768348.620853854,1835863.71571823,,
OH_10468,15,768345.071067673,1835910.68292318,,
OH_10469,1,768478.248489212,1835978.09713527,,
OH_10469,2,768552.011488333,1835979.57645929,,
OH_10469,3,768621.721455364,1835980.78259105,,
OH_10469,4,768699.261077523,1835987.62478855,,
OH_10469,5,768761.020354436,1835984.19278544,,
OH_10469,6,768820.708042158,1835984.16750536,,
OH_10469,7,768882.087089536,1835985.49238527,,
OH_10469,8,768944.845867245,1835987.50026174,,
OH_10469,9,769005.999015032,1835989.81921468,,
OH_10469,10,769075.491351258,1835991.35627852,,
OH_10469,11,769134.709092167,1836071.16120851,,
OH_10469,12,769179.899900446,1836120.00735456,,
OH_10469,13,769226.486164826,1836168.42827607,,
OH_10469,14,769269.351446929,1836215.47486344,,
OH_10469,15,769306.590087568,1836242.96027859,,
OH_10470,1,768141.110038913,1836007.64031784,,
OH_10470,2,768125.046208516,1836062.58139707,,
OH_10471,1,768465.420197895,1835169.8095625,,
OH_10471,2,768501.688077279,1835167.57485796,,
OH_10471,3,768553.291946341,1835162.75001017,,
OH_10471,4,768620.406798528,1835158.16531397,,
OH_10472,1,768670.489624591,1835134.92640636,,
OH_10472,2,768666.619924516,1835097.57689092,,
OH_10472,3,768666.601557526,1835069.2612915,,
OH_10472,4,768668.530141618,1835043.0440624,,
OH_10473,1,771198.069652041,1835233.07915601,,
OH_10473,2,771255.991173091,1835223.09659545,,
OH_10473,3,771305.600325593,1835218.49440107,,
OH_10473,4,771309.085962762,1835145.67703202,,
OH_10473,5,771335.572966696,1835080.9034016,,
OH_10473,6,771370.495824131,1834993.31445653,,
OH_10473,7,771466.61509985,1834958.43607889,,
OH_10474,1,770351.62719453,1835082.62833007,,
OH_10474,2,770353.028580058,1835013.34383894,,
OH_10474,3,770347.686483445,1834945.75693956,,
OH_10474,4,770343.16642535,1834871.76034364,,
OH_10474,5,770336.393474967,1834798.18044584,,
OH_10474,6,770328.794708898,1834708.95958696,,
OH_10474,7,770322.378161576,1834633.58265439,,
OH_10474,8,770315.471001032,1834554.76804259,,
OH_10474,9,770312.616937069,1834476.33457956,,
OH_10474,10,770309.318843671,1834399.22549083,,
OH_10474,11,770300.277685296,1834320.27204019,,
OH_10474,12,770271.47319457,1834267.31103919,,
OH_10475,1,770755.500113372,1835291.69662868,,
OH_10475,2,770785.42808181,1835339.91045792,,
OH_10475,3,770817.482038131,1835405.869123,,
OH_10475,4,770847.837072268,1835471.03015558,,
OH_10475,5,770878.06221755,1835529.65655939,,
OH_10475,6,770915.522700084,1835607.08797251,,
OH_10475,7,770942.974757812,1835665.34723951,,
OH_10475,8,770969.377590684,1835722.0430636,,
OH_10475,9,770915.563777626,1835764.10347263,,
OH_10475,10,770863.718441918,1835802.42519395,,
OH_10475,11,770797.047886119,1835847.8664555,,
OH_10475,12,770719.22588658,1835896.93049861,,
OH_10476,1,771512.437076513,1834862.49022684,,
OH_10476,2,771571.316463892,1834861.5461168,,
OH_10476,3,771628.882955242,1834858.44952219,,
OH_10476,4,771681.1883487,1834853.74827496,,
OH_10476,5,771746.303610327,1834844.00872054,,
OH_10476,6,771799.876005212,1834832.88817631,,
OH_10476,7,771849.470276973,1834784.4652772,,
OH_10476,8,771889.725942426,1834740.03087428,,
OH_10476,9,771930.273948274,1834687.74168437,,
OH_10476,10,771976.377465576,1834615.32816164,,
OH_10476,11,772014.715920806,1834556.51986296,,
OH_10476,12,772052.602473486,1834491.10199522,,
OH_10476,13,772102.474264438,1834423.63068179,,
OH_10487,1,758478.941108286,1840186.46712896,,
OH_10487,2,758502.603967292,1840286.29173693,,
OH_10487,3,758568.182521474,1840333.28630794,,
OH_10487,4,758643.826866486,1840382.0508579,,
OH_10487,5,758735.536203908,1840434.50484108,,
OH_10487,6,758798.350204149,1840456.32780349,,
OH_10488,1,758595.170111647,1840734.06125392,,
OH_10488,2,758562.401031141,1840769.20558947,,
OH_10488,3,758518.573158384,1840809.75199873,,
OH_10488,4,758488.388949211,1840842.93443048,,
OH_10488,5,758453.97503729,1840881.7138448,,
OH_10488,6,758420.463346875,1840916.51706602,,
OH_10488,7,758386.196650131,1840951.97428619,,
OH_10488,8,758351.461572973,1840990.86064663,,
OH_10488,9,758321.506918623,1841022.82820778,,
OH_10488,10,758282.658885484,1841066.42361255,,
OH_10488,11,758251.275659201,1841101.80738958,,
OH_10488,12,758216.482219916,1841138.85302142,,
OH_10488,13,758182.509936775,1841174.38279342,,
OH_10488,14,758149.960891288,1841209.08724521,,
OH_10488,15,758111.315020053,1841253.68279338,,
OH_10488,16,758077.848549071,1841284.83305831,,
OH_10488,17,758043.487063537,1841319.40608333,,
OH_10488,18,758009.921970833,1841358.63792832,,
OH_10489,1,759326.619399729,1840089.46064779,,
OH_10489,2,759381.055141839,1840063.5489659,,
OH_10489,3,759431.824281311,1840040.69203973,,
OH_10489,4,759485.184791811,1840015.4330643,,
OH_10489,5,759508.81382985,1840003.54085521,,
OH_10489,6,759540.120971398,1839992.29573866,,
OH_10489,7,759559.547033358,1839983.6742285,,
OH_10489,8,759585.298693311,1839972.80350921,,
OH_10489,9,759632.151629044,1839947.24405211,,
OH_10489,10,759690.107402704,1839921.70680881,,
OH_10489,11,759723.907141653,1839977.59070078,,
OH_10490,1,759160.50214249,1841189.56367004,,
OH_10490,2,759210.791535171,1841197.26096881,,
OH_10490,3,759266.767360017,1841202.4805826,,
OH_10490,4,759265.851639496,1841260.26618493,,
OH_10490,5,759265.871994292,1841320.05581873,,
OH_10490,6,759264.619911715,1841379.16566132,,
OH_10490,7,759264.893726338,1841426.88987082,,
OH_10490,8,759264.227077265,1841499.29361343,,
OH_10490,9,759263.740624493,1841556.86267286,,
OH_10490,10,759264.132267195,1841612.44964759,,
OH_10490,11,759264.320367637,1841676.00586537,,
OH_10490,12,759265.560343711,1841732.04715334,,
OH_10490,13,759263.51775862,1841794.69048735,,
OH_10490,14,759262.960340119,1841866.87402765,,
OH_10490,15,759262.289628426,1841913.25822975,,
OH_10490,16,759257.522234208,1841971.77186001,,
OH_10490,17,759256.03875242,1842032.3194019,,
OH_10491,1,757920.634797059,1841795.56762626,,
OH_10491,2,757952.659066275,1841830.61045589,,
OH_10491,3,757989.523148153,1841871.35853438,,
OH_10491,4,758019.754070014,1841904.72021456,,
OH_10491,5,758055.090396452,1841939.46994939,,
OH_10491,6,758088.804322649,1841975.97408583,,
OH_10491,7,758121.883183229,1842012.02639494,,
OH_10491,8,758157.321847592,1842047.11097163,,
OH_10491,9,758187.419005192,1842082.57382287,,
OH_10491,10,758218.692283821,1842117.94036711,,
OH_10491,11,758250.035843855,1842147.32869118,,
OH_10491,12,758268.157040388,1842166.92442088,,
OH_10491,13,758238.733021682,1842208.08810843,,
OH_10492,1,758148.940434627,1842316.17108686,,
OH_10492,2,758121.303526935,1842350.82422964,,
OH_10492,3,758091.189279436,1842387.32942906,,
OH_10492,4,758125.174404164,1842445.42742916,,
OH_10492,5,758163.373317282,1842508.11498504,,
OH_10492,6,758196.828568658,1842565.87358725,,
OH_10492,7,758234.303923672,1842626.55949284,,
OH_10492,8,758267.989483999,1842682.99119337,,
OH_10492,9,758301.477550041,1842737.98342817,,
OH_10492,10,758338.093360442,1842799.10230126,,
OH_10492,11,758380.380274456,1842867.8188196,,
OH_10492,12,758406.011742073,1842910.53676909,,
OH_10493,1,758950.658046575,1840138.89726222,,
OH_10493,2,758939.898291241,1840097.86852577,,
OH_10493,3,758925.121820492,1840046.53400546,,
OH_10493,4,758908.049175308,1839992.19448448,,
OH_10493,5,758888.309231182,1839924.4318429,,
OH_10493,6,758865.992584847,1839851.28818815,,
OH_10493,7,758839.221922775,1839780.44893576,,
OH_10493,8,758828.666461776,1839723.49661562,,
OH_10494,1,759307.749567059,1840148.88145321,,
OH_10494,2,759334.549321586,1840203.44716672,,
OH_10494,3,759356.039553483,1840253.25372471,,
OH_10495,1,759765.993906367,1840150.71759365,,
OH_10495,2,759769.809686253,1840205.57120628,,
OH_10495,3,759777.685234715,1840260.14207363,,
OH_10495,4,759781.015670895,1840311.00381674,,
OH_10495,5,759787.117122214,1840362.23146035,,
OH_10495,6,759799.413173174,1840413.0928535,,
OH_10495,7,759814.100571684,1840478.04391803,,
OH_10495,8,759833.659768349,1840546.15431357,,
OH_10495,9,759851.544365108,1840611.58593033,,
OH_10495,10,759867.620183347,1840676.44449215,,
OH_10495,11,759885.360504781,1840744.86501338,,
OH_10495,12,759902.947691877,1840808.30133813,,
OH_10495,13,759922.130481856,1840872.20002218,,
OH_10495,14,759938.64618376,1840935.9555274,,
OH_10495,15,759958.501487393,1841005.95206697,,
OH_10496,1,761385.408778936,1839334.49415139,,
OH_10496,2,761433.035938755,1839313.51734504,,
OH_10496,3,761481.63503929,1839288.76027597,,
OH_10496,4,761533.117661407,1839265.12779456,,
OH_10496,5,761602.700145508,1839227.24155295,,
OH_10496,6,761650.433547397,1839199.81331244,,
OH_10496,7,761693.594005913,1839179.85751119,,
OH_10496,8,761733.497512826,1839155.54544554,,
OH_10496,9,761787.979779436,1839126.31810291,,
OH_10496,10,761838.827903562,1839097.4891048,,
OH_10496,11,761880.201574066,1839075.18620179,,
OH_10496,12,761925.18009309,1839054.92191859,,
OH_10496,13,761972.474899125,1839028.59624375,,
OH_10496,14,762020.146800636,1839002.35622112,,
OH_10496,15,762055.360536154,1838985.32264619,,
OH_10496,16,762083.038598227,1839019.45608697,,
OH_10496,17,762101.902034231,1839048.6074784,,
OH_10497,1,760807.994726678,1840357.41007643,,
OH_10497,2,760833.756219168,1840424.37968693,,
OH_10497,3,760878.355566847,1840476.98552885,,
OH_10497,4,760918.338346275,1840526.84992201,,
OH_10497,5,760965.53121123,1840578.66815715,,
OH_10497,6,761016.34430598,1840634.18920038,,
OH_10497,7,761065.668278464,1840688.9835629,,
OH_10497,8,761116.886453136,1840747.71641369,,
OH_10497,9,761162.906490102,1840797.42402068,,
OH_10497,10,761203.059296362,1840842.10929652,,
OH_10497,11,761238.680878612,1840897.40079976,,
OH_10497,12,761271.843517682,1840944.96051199,,
OH_10497,13,761299.434750701,1841000.30784663,,
OH_10497,14,761331.394475427,1841047.32902593,,
OH_10498,1,762178.071666444,1839086.14514829,,
OH_10498,2,762190.891749725,1839132.33342485,,
OH_10498,3,762205.239172695,1839179.39326247,,
OH_10498,4,762219.348717023,1839232.70053451,,
OH_10498,5,762243.19092221,1839316.70006529,,
OH_10498,6,762265.095096021,1839402.0047574,,
OH_10498,7,762287.757187011,1839486.43269531,,
OH_10498,8,762311.338867349,1839574.19391392,,
OH_10498,9,762334.744898652,1839658.85410752,,
OH_10498,10,762355.6646208,1839746.02901005,,
OH_10498,11,762374.301155617,1839827.86117518,,
OH_10499,1,765527.970394993,1836649.59456699,,
OH_10499,2,765566.02203439,1836611.75579433,,
OH_10499,3,765606.923212054,1836568.08421216,,
OH_10499,4,765640.326465752,1836534.94912812,,
OH_10499,5,765695.167181978,1836538.17685972,,
OH_10499,6,765729.857431868,1836539.93440924,,
OH_10499,7,765766.166501229,1836538.39467202,,
OH_10499,8,765820.903959121,1836541.17865335,,
OH_10499,9,765878.766828836,1836541.78710731,,
OH_10499,10,765931.613984934,1836542.11190554,,
OH_10499,11,765979.821227899,1836543.61483841,,
OH_10499,12,766032.1261599,1836547.79194635,,
OH_10499,13,766081.68872965,1836551.57188828,,
OH_10500,1,764927.863976213,1836913.20916264,,
OH_10500,2,764902.915158255,1836884.55454891,,
OH_10500,3,764872.370253203,1836842.21124301,,
OH_10500,4,764825.292078451,1836815.82924528,,
OH_10500,5,764784.986850713,1836794.29251541,,
OH_10500,6,764748.987912031,1836744.01944168,,
OH_10500,7,764718.538279594,1836702.56341725,,
OH_10500,8,764698.327317139,1836661.89984708,,
OH_10500,9,764677.451994707,1836623.32953795,,
OH_10500,10,764660.546296646,1836557.23896378,,
OH_10500,11,764641.577601694,1836502.52867865,,
OH_10500,12,764622.576536051,1836441.72594044,,
OH_10500,13,764640.804492831,1836383.71000389,,
OH_10500,14,764660.682842786,1836330.36515987,,
OH_10500,15,764676.079014048,1836285.60130405,,
OH_10500,16,764698.249957793,1836245.4610001,,
OH_10500,17,764709.076831868,1836190.12174097,,
OH_10500,18,764725.975854524,1836144.71103366,,
OH_10500,19,764742.249731218,1836097.85538437,,
OH_10500,20,764758.754835052,1836049.78229957,,
OH_10500,21,764775.225819206,1836004.36752552,,
OH_10500,22,764793.12831372,1835955.42715918,,
OH_10500,23,764808.816720397,1835904.24489525,,
OH_10500,24,764822.820678193,1835851.04873589,,
OH_10500,25,764837.009869247,1835800.29082148,,
OH_10500,26,764851.397105739,1835750.64261046,,
OH_10500,27,764864.929729527,1835701.20527381,,
OH_10501,1,765021.740932882,1835635.38289522,,
OH_10501,2,765096.059565845,1835617.81226403,,
OH_10501,3,765172.532824519,1835598.71841485,,
OH_10501,4,765246.853262093,1835581.03756504,,
OH_10502,1,767021.856409352,1836536.14128983,,
OH_10502,2,767093.329834725,1836576.01064778,,
OH_10502,3,767152.751885077,1836608.9410854,,
OH_10502,4,767216.254662439,1836642.11868603,,
OH_10502,5,767274.953484211,1836674.4558466,,
OH_10502,6,767320.421725756,1836691.28547499,,
OH_10502,7,767367.987050388,1836707.23900051,,
OH_10502,8,767421.332552462,1836727.50466011,,
OH_10502,9,767466.498513694,1836742.1949259,,
OH_10502,10,767510.980139135,1836755.92891124,,
OH_10502,11,767554.07759864,1836764.93091262,,
OH_10502,12,767600.189926911,1836773.51342548,,
OH_10502,13,767654.481489395,1836777.7017658,,
OH_10502,14,767695.097361906,1836782.18068729,,
OH_10597,1,758807.320724981,1840509.87722825,,
OH_10597,2,758757.545440979,1840556.5514116,,
OH_10597,3,758720.253081148,1840594.96224382,,
OH_10597,4,758685.85878652,1840631.96888543,,
OH_10598,1,758954.972920848,1840342.39147745,,
OH_10598,2,758977.429324367,1840317.46730518,,
OH_10598,3,758975.179264661,1840280.85115292,,
OH_10598,4,758970.035086445,1840235.47286173,,
OH_10599,1,759836.25196699,1840026.34562963,,
OH_10599,2,759924.128195291,1840006.93297934,,
OH_10599,3,760000.664002121,1839989.7057001,,
OH_10599,4,760078.625422073,1839969.28599945,,
OH_10599,5,760158.009509423,1839946.00645981,,
OH_10599,6,760245.649011972,1839928.58426128,,
OH_10599,7,760308.370891666,1839906.20678246,,
OH_10600,1,760493.807755341,1839826.31298272,,
OH_10600,2,760582.304709214,1839791.186968,,
OH_10600,3,760663.8751114,1839755.09081805,,
OH_10601,1,762763.188747407,1838525.81026969,,
OH_10601,2,762801.848266332,1838503.81660585,,
OH_10601,3,762841.932624969,1838482.30335434,,
OH_10601,4,762883.19254815,1838457.65221288,,
OH_10601,5,762930.140306454,1838430.51341066,,
OH_10601,6,762968.136505266,1838407.71141129,,
OH_10601,7,763019.076667582,1838371.68881561,,
OH_10601,8,763054.754933508,1838352.64062673,,
OH_10601,9,763094.02005712,1838328.43273769,,
OH_10601,10,763124.365423317,1838308.98680993,,
OH_10601,11,763157.61035878,1838279.49952532,,
OH_10601,12,763187.444840755,1838249.64053691,,
OH_10601,13,763220.467219067,1838220.8150382,,
OH_10602,1,763862.916168478,1837773.88203721,,
OH_10602,2,763904.40841732,1837742.39491068,,
OH_10602,3,763948.384782308,1837717.24982181,,
OH_10602,4,763993.123645718,1837690.89514753,,
OH_10602,5,764034.718789051,1837659.74277409,,
OH_10602,6,764076.221229007,1837627.47985762,,
OH_10602,7,764132.795427662,1837593.74357766,,
OH_10602,8,764172.386161206,1837560.68322051,,
OH_10602,9,764204.83054107,1837535.72822514,,
OH_10602,10,764246.931440157,1837506.90653901,,
OH_10602,11,764289.978134902,1837479.3144739,,
OH_10602,12,764331.463424275,1837448.49226346,,
OH_10602,13,764373.690189137,1837418.23302037,,
OH_10602,14,764412.045902265,1837390.14035301,,
OH_10602,15,764451.262341796,1837361.5047619,,
OH_10602,16,764493.393014174,1837330.24788135,,
OH_10602,17,764534.657193432,1837300.08759439,,
OH_10603,1,764913.49879456,1837029.95716614,,
OH_10603,2,764951.115365493,1837001.30247626,,
OH_10604,1,767220.939372073,1836000.38693017,,
OH_10604,2,767247.381976504,1835948.24478356,,
OH_10604,3,767277.06895316,1835886.22757515,,
OH_10604,4,767307.355415456,1835823.15821626,,
OH_10604,5,767335.197573524,1835766.00770344,,
OH_10604,6,767362.540724074,1835708.05927417,,
OH_10604,7,767406.957682131,1835646.22950922,,
OH_10604,8,767444.62755988,1835602.71279092,,
OH_10604,9,767499.550548092,1835569.17013951,,
OH_10604,10,767575.086296151,1835544.40575926,,
OH_10604,11,767635.970762501,1835510.96894025,,
OH_10604,12,767694.625351303,1835478.35586817,,
OH_10604,13,767754.490062811,1835443.41840007,,
OH_10605,1,767004.728354806,1836454.18559672,,
OH_10605,2,767034.208290783,1836392.05492707,,
OH_10605,3,767065.114001882,1836329.16255786,,
OH_10605,4,767092.662981099,1836266.58373294,,
OH_10605,5,767125.788111465,1836202.78900721,,
OH_10605,6,767162.502968158,1836126.60892708,,
OH_10606,1,768097.633689935,1835975.09521458,,
OH_10606,2,768048.12435287,1835972.37109913,,
OH_10606,3,767991.759153335,1835971.33287064,,
OH_10606,4,767937.938032304,1835971.87683437,,
OH_10606,5,767894.501922076,1835970.17917181,,
OH_10606,6,767839.318722107,1835968.65012039,,
OH_10606,7,767795.16639358,1835967.36999618,,
OH_10606,8,767747.785645387,1835970.82523631,,
OH_10606,9,767696.988825323,1835971.50398125,,
OH_10606,10,767652.01015772,1835976.45108247,,
OH_10606,11,767605.734870116,1835978.94716531,,
OH_10606,12,767564.129613716,1835988.23838972,,
OH_10606,13,767527.848734001,1835994.98199255,,
OH_10606,14,767495.530897148,1836000.66792704,,
OH_10606,15,767462.585844272,1836010.38096462,,
OH_10606,16,767421.731521377,1836019.23338867,,
OH_10606,17,767383.502964344,1836028.05669213,,
OH_10607,1,768304.40435004,1835979.23722376,,
OH_10607,2,768254.125567274,1835978.27462361,,
OH_10607,3,768205.557474833,1835977.1132371,,
OH_10608,1,768206.007973437,1835268.01642862,,
OH_10608,2,768159.990581003,1835284.82412453,,
OH_10608,3,768120.551106142,1835296.39937798,,
OH_10608,4,768060.042599877,1835319.11577072,,
OH_10608,5,768021.561665283,1835330.92464767,,
OH_10609,1,768357.753363957,1835225.39245916,,
OH_10610,1,768738.553851131,1835154.33325089,,
OH_10610,2,768737.707864387,1835111.13867905,,
OH_10610,3,768811.877488208,1835114.50702614,,
OH_10610,4,768812.419613099,1835156.36907078,,
OH_10611,1,768923.066756318,1835161.03192,,
OH_10611,2,769001.55977407,1835165.99881955,,
OH_10612,1,769141.671842023,1835177.77977668,,
OH_10612,2,769267.827673311,1835182.46668942,,
OH_10612,3,769427.689014332,1835181.48737054,,
OH_10612,4,769653.380172241,1835184.88391898,,
OH_10612,5,769792.48926543,1835184.34682783,,
OH_10612,6,769855.319388851,1835187.67005132,,
OH_10612,7,769964.651393635,1835193.94282249,,
OH_10612,8,770074.338013799,1835199.38020002,,
OH_10612,9,770167.556985836,1835207.86574236,,
OH_10612,10,770281.938951747,1835211.4212676,,
OH_10613,1,770465.472103858,1835225.02606079,,
OH_10613,2,770612.517960326,1835232.75205093,,
OH_10613,3,770692.18893529,1835240.02447686,,
OH_10614,1,771535.189803496,1834965.174406,,
OH_10615,1,762614.403584079,1836461.27977071,,
OH_10615,2,762560.022383752,1836482.24198571,,
OH_10615,3,762510.74704152,1836502.16861046,,
OH_10615,4,762487.999588422,1836563.8955968,,
OH_10615,5,762469.230953034,1836623.14803415,,
OH_10615,6,762453.09172485,1836678.16435956,,
OH_10615,7,762432.12049525,1836753.61294985,,
OH_10615,8,762411.746109907,1836827.07584861,,
OH_10615,9,762398.401137672,1836878.25657999,,
OH_10615,10,762383.466963476,1836928.44909538,,
OH_10616,1,763016.441312457,1836310.4645096,,
OH_10616,2,762952.559529327,1836335.29397784,,
OH_10617,1,762066.551797409,1837258.76276194,,
OH_10617,2,762006.889370146,1837266.85394574,,
OH_10617,3,761942.911752204,1837276.6008747,,
OH_10617,4,761878.371350628,1837285.48631168,,
OH_10617,5,761820.126688075,1837294.7334796,,
OH_10618,1,761087.175120413,1837398.06917892,,
OH_10618,2,761045.732605621,1837419.28137837,,
OH_10618,3,760996.63589123,1837453.40219695,,
OH_10618,4,760941.536897479,1837486.59617004,,
OH_10618,5,760877.492660269,1837525.37331845,,
OH_10618,6,760811.154347878,1837564.40719062,,
OH_10618,7,760746.526984641,1837604.03121491,,
OH_10618,8,760692.815160178,1837640.94185925,,
OH_10618,9,760643.260593824,1837676.10728316,,
OH_10618,10,760605.152611214,1837697.2855637,,
OH_10618,11,760550.924528625,1837729.6373158,,
OH_10619,1,760434.427293688,1837804.20249708,,
OH_10619,2,760373.251393136,1837842.7301728,,
OH_10619,3,760321.87642762,1837875.97082441,,
OH_10619,4,760269.824133516,1837902.18146763,,
OH_10619,5,760217.506619147,1837902.91724778,,
OH_10619,6,760174.25726827,1837903.81458741,,
OH_10619,7,760114.105729777,1837905.35885146,,
OH_10619,8,760049.648299588,1837907.70455272,,
OH_10619,9,759982.908310161,1837909.4536814,,
OH_10619,10,759895.015627441,1837908.10001589,,
CA_10666,1,764869.085224974,1837074.42098827,,
CA_10666,2,764929.910051624,1837134.8701595,,
CA_10666,3,764963.834858487,1837178.87809285,,
CA_10666,4,764970.321333946,1837183.84013292,,
CA_10666,5,764987.304987259,1837208.62111288,,
CA_10666,6,764986.504025914,1837209.9996817,,
OH_10674,1,758181.869805053,1842276.37830751,,
OH_11347,1,759014.692799221,1840187.14019563,,
OH_11347,2,759066.892329056,1840172.7489823,,
OH_11347,3,759128.627044801,1840157.80699317,,
OH_11347,4,759178.097616069,1840145.2319416,,
OH_11347,5,759231.771601103,1840129.27535844,,
OH_11348,1,763128.407429325,1836215.00464766,,
OH_11349,1,763097.262463823,1836110.30877476,,
OH_11350,1,763042.284411696,1835969.99249023,,
OH_11352,1,762635.559886579,1836336.81073185,,
OH_11393,1,770742.839398799,1835266.85815753,,
OH_11394,1,770352.384251718,1835149.51953957,,
OH_11397,1,768343.185998515,1835952.61074312,,
OH_11397,2,768404.134573433,1835979.12718776,,
OH_11398,1,764944.598839728,1835648.15762925,,
OH_11399,1,762897.447073149,1836357.49651392,,
OH_11399,2,762841.497079742,1836378.87949441,,
OH_11399,3,762787.400402094,1836399.84469275,,
OH_11399,4,762729.861672923,1836421.33796052,,
OH_11402,1,762664.971306794,1836419.60321644,,
OH_11404,1,761314.547243845,1837361.64048932,,
OH_11404,2,761242.277078604,1837370.43328372,,
OH_11404,3,761182.598221768,1837379.95024626,,
OH_11404,4,761134.673176397,1837388.47182298,,
OH_11406,1,764963.272942083,1836942.10436692,,
OH_11409,1,763257.396126573,1838186.94650114,,
OH_11411,1,760438.987318552,1839848.56360044,,
OH_11412,1,758434.783878499,1840121.82534615,,
OH_11413,1,757849.463322671,1841802.45732823,,
OH_11414,1,757816.278129392,1841836.93395022,,
OH_11414,2,757783.197279501,1841862.88541771,,
OH_11414,3,757783.187808412,1841862.87423118,,
OH_11503,1,767288.037079326,1836050.48748143,,
OH_11506,1,771510.790840484,1834906.58540252,,
OH_11507,1,758677.965825943,1840680.41540125,,
OH_11517,1,760742.920833328,1839836.83682396,,
OH_11517,2,760756.670208181,1839927.2078882,,
OH_11517,3,760770.797868592,1840027.91311453,,
OH_11517,4,760783.212936049,1840120.51339628,,
OH_11517,5,760794.338337732,1840209.35564638,,
OH_11521,1,768222.211046558,1834878.23552227,,
OH_11521,2,768228.146733036,1834924.37258635,,
OH_11521,3,768231.489681999,1834964.27753207,,
OH_11521,4,768236.783329665,1835010.51729254,,
OH_11521,5,768238.471601052,1835046.30348339,,
OH_11521,6,768242.848513636,1835088.98737459,,
OH_11521,7,768248.860143259,1835137.56253764,,
OH_11521,8,768253.732469842,1835183.24340415,,
OH_11537,1,757971.30878479,1841400.5767604,,
OH_11537,2,757933.905759402,1841439.53983221,,
OH_11537,3,757962.59955819,1841467.67864931,,
OH_11537,4,758032.851449637,1841527.98540138,,
OH_11537,5,758048.058859079,1841541.45584097,,
OH_11537,6,758070.125722366,1841561.32024846,,
OH_11537,7,758032.411488357,1841608.36306764,,
OH_11537,8,757998.522543176,1841648.03383402,,
OH_11537,9,757961.108825041,1841687.99416068,,
OH_11537,10,757924.072177219,1841723.08850804,,
OH_11538,1,760806.781674283,1840319.96898329,,
OH_11542,1,768287.098963763,1835246.69442933,,
OH_11549,1,761692.608854189,1837310.2734958,,
OH_11549,2,761626.66476133,1837315.93805234,,
OH_11549,3,761546.895010273,1837329.19211078,,
OH_11551,1,764617.474346924,1837242.42818331,,
OH_11551,2,764659.593304538,1837212.16683357,,
OH_11551,3,764698.577534148,1837185.19070893,,
OH_11551,4,764740.370574125,1837155.48018302,,
OH_11551,5,764778.317784462,1837125.94354814,,
OH_11551,6,764827.054155696,1837095.98585567,,
OH_11553,1,766598.935483017,1836567.35909143,,
OH_11553,2,766641.826895059,1836569.8879273,,
OH_11553,3,766687.911693104,1836573.00919239,,
OH_11553,4,766731.996126947,1836582.52775784,,
OH_11553,5,766784.752354403,1836590.16150179,,
OH_11553,6,766827.12995043,1836599.54825866,,
OH_11553,7,766882.195517318,1836610.42213947,,
OH_11553,8,766925.147591835,1836617.50761744,,
OH_11553,9,766951.053896449,1836565.70618144,,
OH_11558,1,763788.861065858,1835995.84231497,,
OH_11558,2,763731.84135764,1836021.46629463,,
OH_11558,3,763663.265607555,1836055.34520217,,
OH_11558,4,763602.755269606,1836085.33782186,,
OH_11558,5,763546.884257606,1836110.83465157,,
OH_11558,6,763490.585734089,1836132.22623105,,
OH_11558,7,763432.676003174,1836152.66137712,,
OH_11558,8,763379.165463576,1836172.49533557,,
OH_11558,9,763313.53691151,1836199.57993769,,
OH_11558,10,763249.118327398,1836221.55641245,,
OH_11564,1,768402.64062182,1835172.18802724,,
OH_11573,1,763344.634430781,1838132.6726441,,
OH_11573,2,763394.309690608,1838101.76723231,,
OH_11573,3,763425.981626397,1838082.06340025,,
OH_11573,4,763450.10337951,1838056.67274157,,
OH_11573,5,763487.070519277,1838028.41659358,,
OH_11573,6,763521.296161214,1838006.06372521,,
OH_11573,7,763566.557506832,1837971.85445017,,
OH_11573,8,763611.102276001,1837943.83708388,,
OH_11573,9,763654.674066599,1837916.80419866,,
OH_11573,10,763701.613815304,1837885.05179212,,
OH_11573,11,763762.840931747,1837846.16797008,,
OH_11573,12,763786.750234503,1837829.3007554,,
OH_11573,13,763822.416607665,1837802.72298501,,
OH_11576,1,765034.054040355,1836951.17517157,,
OH_11576,2,765074.677524273,1836929.8657956,,
OH_11576,3,765122.90112627,1836906.87799381,,
OH_11576,4,765169.053773439,1836887.29919799,,
OH_11576,5,765209.907825226,1836864.55346841,,
OH_11576,6,765259.685968091,1836853.98768328,,
OH_11576,7,765302.386981347,1836845.88067464,,
OH_11576,8,765349.089957226,1836833.61483306,,
OH_11576,9,765385.199776031,1836797.41273287,,
OH_11576,10,765425.23247068,1836754.83838293,,
OH_11576,11,765449.162852414,1836727.89577579,,
OH_11576,12,765494.103361736,1836685.71471887,,
OH_11584,1,758773.140640608,1840705.32778019,,
OH_11584,2,758862.497918581,1840730.65964526,,
OH_11584,3,758957.539821712,1840753.73554417,,
OH_11584,4,759053.527326457,1840778.04263739,,
OH_11584,5,759061.292395265,1840815.44870241,,
OH_11584,6,759074.194826682,1840869.30509678,,
OH_11584,7,759089.744658721,1840916.10762029,,
OH_11584,8,759104.013922136,1840971.75219483,,
OH_11584,9,759120.917398178,1841021.34023198,,
OH_11584,10,759129.673540192,1841056.21291962,,
OH_11584,11,759139.645441101,1841105.16219499,,
OH_11584,12,759146.965366608,1841144.11424989,,
OH_11590,1,762342.097639019,1837025.48437966,,
OH_11590,2,762294.499647985,1837070.3977372,,
OH_11590,3,762260.559782432,1837107.17223865,,
OH_11590,4,762220.775714245,1837152.22130457,,
OH_11590,5,762172.897340033,1837203.4316738,,
OH_11598,1,770800.819277729,1835245.98488359,,
OH_11598,2,770919.639429603,1835248.10514809,,
OH_11598,3,771017.195543641,1835251.38193501,,
OH_11598,4,771096.325538659,1835250.94555813,,
OH_11602,1,762222.404211915,1839046.52893329,,
OH_11602,2,762225.289085099,1839001.03158953,,
OH_11602,3,762235.949434908,1838949.0495289,,
OH_11602,4,762249.125957626,1838881.58801189,,
OH_11602,5,762264.183302798,1838812.513317,,
OH_11602,6,762314.684298925,1838774.85732825,,
OH_11602,7,762298.763268671,1838739.33874585,,
OH_11602,8,762324.813727547,1838729.09572695,,
OH_11602,9,762377.524724182,1838705.27319711,,
OH_11602,10,762432.655816046,1838684.24870705,,
OH_11602,11,762475.602287237,1838664.40298359,,
OH_11602,12,762517.173456842,1838643.5443655,,
OH_11606,1,766182.266672328,1836552.48448622,,
OH_11606,2,766230.56052171,1836551.58852176,,
OH_11606,3,766285.619749056,1836551.76788978,,
OH_11606,4,766332.949732944,1836551.86555023,,
OH_11606,5,766382.815005164,1836551.49108461,,
OH_11606,6,766426.404970158,1836549.37656512,,
OH_11606,7,766485.558233847,1836557.75358548,,
OH_11606,8,766530.62675009,1836565.40162895,,
OH_11622,1,760818.057624371,1839699.72930124,,
OH_11622,2,760912.580001318,1839660.91343274,,
OH_11622,3,761002.144811939,1839625.80299897,,
OH_11622,4,761072.549802041,1839595.10774159,,
OH_11622,5,761150.102405986,1839564.72077626,,
OH_11622,6,761248.083721038,1839528.88255795,,
OH_11622,7,761296.83004344,1839508.16491665,,
OH_11622,8,761359.940167598,1839480.37095432,,
OH_11622,9,761338.688023876,1839428.73539294,,
OH_11622,10,761312.490833872,1839362.10851523,,
OH_11635,1,758870.152881359,1840442.80938796,,
OH_11635,2,758902.565815143,1840406.57168124,,
OH_11649,1,767956.394085995,1835350.70404768,,
OH_11690,1,764817.713385233,1835675.32690109,,
OH_11690,2,764754.535053076,1835689.34579135,,
OH_11690,3,764695.357447056,1835703.98346656,,
OH_11690,4,764639.354968585,1835716.66861748,,
OH_11690,5,764579.601828389,1835731.5840341,,
OH_11690,6,764522.191693875,1835747.94363023,,
OH_11690,7,764458.902645787,1835766.9822213,,
OH_11690,8,764384.730887096,1835789.97447676,,
OH_11690,9,764316.582170603,1835812.18656783,,
OH_11690,10,764250.449242316,1835833.5711684,,
OH_11690,11,764193.210584603,1835853.6418492,,
OH_11690,12,764136.559608239,1835872.58056603,,
OH_11690,13,764073.835383769,1835896.28423011,,
OH_11690,14,764018.326462439,1835916.47964949,,
OH_11690,15,763960.732090516,1835935.48132742,,
OH_11690,16,763892.868225655,1835957.98270545,,
OH_11700,1,762586.867961374,1838608.24743727,,
OH_11700,2,762624.537900592,1838590.04015513,,
OH_11700,3,762666.744063499,1838569.5725839,,
OH_11720,1,759752.272639848,1837460.12477607,,
OH_11720,2,759743.642139473,1837405.98782881,,
OH_11720,3,759733.048075764,1837346.51264093,,
OH_11720,4,759723.111041946,1837294.46366332,,
OH_11720,5,759712.184585082,1837235.98085114,,
