
[FUSE SETTING]
FORMAT_FUSESETTING=SectionID,Location,EqID,DeviceNumber,DeviceStage,Flags,InitFromEquipFlags,CoordX,CoordY,ClosedPhase,Locked,RC,NStatus,TCCID,PhPickup,GrdPickup,Alternate,PhAltPickup,GrdAltPickup,FromNodeID,FaultIndicator,Strategic,RestorationMode,ConnectionStatus,ByPassOnRestoration,Reversible

BB_5148,L,22 KV_400A,FU_2201,,0,0,0,0,7,0,0,0,0,0,0,0,0,0,,1,0,0,0,1,1
OH_4837,S,22 KV_400A,FU_2148,,0,0,0,0,7,0,0,0,0,0,0,0,0,0,,1,0,0,0,1,1
BB_5036,L,22 KV_400A,FU_1862,,0,0,0,0,7,0,0,0,0,0,0,0,0,0,,1,0,0,0,1,1
BB_5242,L,22 KV_400A,FU_1877,,0,0,0,0,7,0,0,0,0,0,0,0,0,0,,1,0,0,0,1,1
BB_5206,L,22 KV_400A,FU_2069,,0,0,0,0,7,0,0,0,0,0,0,0,0,0,,1,0,0,0,1,1
OH_4836,S,22 KV_400A,FU_1923,,0,0,0,0,7,0,0,0,0,0,0,0,0,0,,1,0,0,0,1,1
BB_5302,L,22 KV_400A,FU_2096,,0,0,0,0,7,0,0,0,0,0,0,0,0,0,,1,0,0,0,1,1
BB_4972,L,22 KV_400A,FU_2124,,0,0,0,0,7,0,0,0,0,0,0,0,0,0,,1,0,0,0,1,1
BB_5050,L,22 KV_400A,FU_1921,,0,0,0,0,7,0,0,0,0,0,0,0,0,0,,1,0,0,0,1,1
BB_5208,L,22 KV_400A,FU_2080,,0,0,0,0,7,0,0,0,0,0,0,0,0,0,,1,0,0,0,1,1
BB_4892,L,22 KV_400A,FU_2257,,0,0,0,0,7,0,0,0,0,0,0,0,0,0,,1,0,0,0,1,1
BB_5138,L,22 KV_400A,FU_2078,,0,0,0,0,7,0,0,0,0,0,0,0,0,0,,1,0,0,0,1,1
BB_5114,L,22 KV_400A,FU_1857,,0,0,0,0,7,0,0,0,0,0,0,0,0,0,,1,0,0,0,1,1
BB_5234,L,22 KV_400A,FU_2142,,0,0,0,0,7,0,0,0,0,0,0,0,0,0,,1,0,0,0,1,1
OH_4844,S,22 KV_400A,FU_1885,,0,0,0,0,7,0,0,0,0,0,0,0,0,0,,1,0,0,0,1,1
BB_5220,L,22 KV_400A,FU_2229,,0,0,0,0,7,0,0,0,0,0,0,0,0,0,,1,0,0,0,1,1
BB_4986,L,22 KV_400A,FU_2195,,0,0,0,0,7,0,0,0,0,0,0,0,0,0,,1,0,0,0,1,1
BB_5068,L,22 KV_400A,FU_1833,,0,0,0,0,7,0,0,0,0,0,0,0,0,0,,1,0,0,0,1,1
BB_5174,L,22 KV_400A,FU_2223,,0,0,0,0,7,0,0,0,0,0,0,0,0,0,,1,0,0,0,1,1
OH_5561,S,22 KV_400A,FU_1814,,0,0,0,0,7,0,0,0,0,0,0,0,0,0,,1,0,0,0,1,1
BB_4942,L,22 KV_400A,FU_2037,,0,0,0,0,7,0,0,0,0,0,0,0,0,0,,1,0,0,0,1,1
BB_4916,L,22 KV_400A,FU_2224,,0,0,0,0,7,0,0,0,0,0,0,0,0,0,,1,0,0,0,1,1
OH_4834,S,22 KV_400A,FU_1953,,0,0,0,0,7,0,0,0,0,0,0,0,0,0,,1,0,0,0,1,1
OH_4842,S,22 KV_400A,FU_1945,,0,0,0,0,7,0,0,0,0,0,0,0,0,0,,1,0,0,0,1,1
BB_5334,L,22 KV_400A,FU_2200,,0,0,0,0,7,0,0,0,0,0,0,0,0,0,,1,0,0,0,1,1
OH_4840,S,22 KV_400A,FU_1819,,0,0,0,0,7,0,0,0,0,0,0,0,0,0,,1,0,0,0,1,1
BB_5162,L,22 KV_400A,FU_1929,,0,0,0,0,7,0,0,0,0,0,0,0,0,0,,1,0,0,0,1,1
BB_5128,L,22 KV_400A,FU_1878,,0,0,0,0,7,0,0,0,0,0,0,0,0,0,,1,0,0,0,1,1
BB_5248,L,22 KV_400A,FU_1930,,0,0,0,0,7,0,0,0,0,0,0,0,0,0,,1,0,0,0,1,1
BB_4958,L,22 KV_400A,FU_2145,,0,0,0,0,7,0,0,0,0,0,0,0,0,0,,1,0,0,0,1,1
BB_4992,L,22 KV_400A,FU_2085,,0,0,0,0,7,0,0,0,0,0,0,0,0,0,,1,0,0,0,1,1
OH_4694,S,22 KV_400A,FU_2182,,0,0,0,0,7,0,0,0,0,0,0,0,0,0,,1,0,0,0,1,1
BB_4938,L,22 KV_400A,FU_2076,,0,0,0,0,7,0,0,0,0,0,0,0,0,0,,1,0,0,0,1,1
OH_4696,S,22 KV_400A,FU_2100,,0,0,0,0,7,0,0,0,0,0,0,0,0,0,,1,0,0,0,1,1
BB_5070,L,22 KV_400A,FU_2169,,0,0,0,0,7,0,0,0,0,0,0,0,0,0,,1,0,0,0,1,1
BB_5166,L,22 KV_400A,FU_1817,,0,0,0,0,7,0,0,0,0,0,0,0,0,0,,1,0,0,0,1,1
BB_5202,L,22 KV_400A,FU_2205,,0,0,0,0,7,0,0,0,0,0,0,0,0,0,,1,0,0,0,1,1
BB_5192,L,22 KV_400A,FU_1920,,0,0,0,0,7,0,0,0,0,0,0,0,0,0,,1,0,0,0,1,1
BB_5090,L,22 KV_400A,FU_1866,,0,0,0,0,7,0,0,0,0,0,0,0,0,0,,1,0,0,0,1,1
OH_4673,S,22 KV_400A,FU_1960,,0,0,0,0,7,0,0,0,0,0,0,0,0,0,,1,0,0,0,1,1
BB_5202,L,22 KV_100A,FU_2205,,0,0,0,0,7,0,0,0,0,0,0,0,0,0,,1,0,0,0,1,1
BB_5166,L,22 KV_100A,FU_1817,,0,0,0,0,7,0,0,0,0,0,0,0,0,0,,1,0,0,0,1,1
OH_4834,S,22 KV_100A,FU_1953,,0,0,0,0,7,0,0,0,0,0,0,0,0,0,,1,0,0,0,1,1
BB_5334,L,22 KV_100A,FU_2200,,0,0,0,0,7,0,0,0,0,0,0,0,0,0,,1,0,0,0,1,1
OH_4694,S,22 KV_100A,FU_2182,,0,0,0,0,7,0,0,0,0,0,0,0,0,0,,1,0,0,0,1,1
OH_4673,S,22 KV_100A,FU_1960,,0,0,0,0,7,0,0,0,0,0,0,0,0,0,,1,0,0,0,1,1
BB_4958,L,22 KV_100A,FU_2145,,0,0,0,0,7,0,0,0,0,0,0,0,0,0,,1,0,0,0,1,1
BB_4892,L,22 KV_100A,FU_2257,,0,0,0,0,7,0,0,0,0,0,0,0,0,0,,1,0,0,0,1,1
BB_5334,L,22 KV_100A,FU_2200,,0,0,0,0,7,0,0,0,0,0,0,0,0,0,,1,0,0,0,1,1
BB_5148,L,22 KV_100A,FU_2201,,0,0,0,0,7,0,0,0,0,0,0,0,0,0,,1,0,0,0,1,1
BB_5114,L,22 KV_100A,FU_1857,,0,0,0,0,7,0,0,0,0,0,0,0,0,0,,1,0,0,0,1,1
BB_5234,L,22 KV_100A,FU_2142,,0,0,0,0,7,0,0,0,0,0,0,0,0,0,,1,0,0,0,1,1
BB_4992,L,22 KV_100A,FU_2085,,0,0,0,0,7,0,0,0,0,0,0,0,0,0,,1,0,0,0,1,1
OH_4836,S,22 KV_100A,FU_1923,,0,0,0,0,7,0,0,0,0,0,0,0,0,0,,1,0,0,0,1,1
BB_5234,L,22 KV_100A,FU_2142,,0,0,0,0,7,0,0,0,0,0,0,0,0,0,,1,0,0,0,1,1
BB_4892,L,22 KV_100A,FU_2257,,0,0,0,0,7,0,0,0,0,0,0,0,0,0,,1,0,0,0,1,1
BB_5036,L,22 KV_100A,FU_1862,,0,0,0,0,7,0,0,0,0,0,0,0,0,0,,1,0,0,0,1,1
BB_5050,L,22 KV_100A,FU_1921,,0,0,0,0,7,0,0,0,0,0,0,0,0,0,,1,0,0,0,1,1
BB_5068,L,22 KV_100A,FU_1833,,0,0,0,0,7,0,0,0,0,0,0,0,0,0,,1,0,0,0,1,1
BB_4942,L,22 KV_100A,FU_2037,,0,0,0,0,7,0,0,0,0,0,0,0,0,0,,1,0,0,0,1,1
BB_5166,L,22 KV_100A,FU_1817,,0,0,0,0,7,0,0,0,0,0,0,0,0,0,,1,0,0,0,1,1
BB_5248,L,22 KV_100A,FU_1930,,0,0,0,0,7,0,0,0,0,0,0,0,0,0,,1,0,0,0,1,1
BB_5090,L,22 KV_100A,FU_1866,,0,0,0,0,7,0,0,0,0,0,0,0,0,0,,1,0,0,0,1,1
OH_4696,S,22 KV_100A,FU_2100,,0,0,0,0,7,0,0,0,0,0,0,0,0,0,,1,0,0,0,1,1
BB_5148,L,22 KV_100A,FU_2201,,0,0,0,0,7,0,0,0,0,0,0,0,0,0,,1,0,0,0,1,1
OH_4836,S,22 KV_100A,FU_1923,,0,0,0,0,7,0,0,0,0,0,0,0,0,0,,1,0,0,0,1,1
BB_5148,L,22 KV_100A,FU_2201,,0,0,0,0,7,0,0,0,0,0,0,0,0,0,,1,0,0,0,1,1
BB_4916,L,22 KV_100A,FU_2224,,0,0,0,0,7,0,0,0,0,0,0,0,0,0,,1,0,0,0,1,1
BB_5068,L,22 KV_100A,FU_1833,,0,0,0,0,7,0,0,0,0,0,0,0,0,0,,1,0,0,0,1,1
OH_4836,S,22 KV_100A,FU_1923,,0,0,0,0,7,0,0,0,0,0,0,0,0,0,,1,0,0,0,1,1
BB_4938,L,22 KV_100A,FU_2076,,0,0,0,0,7,0,0,0,0,0,0,0,0,0,,1,0,0,0,1,1
BB_4986,L,22 KV_100A,FU_2195,,0,0,0,0,7,0,0,0,0,0,0,0,0,0,,1,0,0,0,1,1
BB_5114,L,22 KV_100A,FU_1857,,0,0,0,0,7,0,0,0,0,0,0,0,0,0,,1,0,0,0,1,1
BB_5242,L,22 KV_100A,FU_1877,,0,0,0,0,7,0,0,0,0,0,0,0,0,0,,1,0,0,0,1,1
BB_4942,L,22 KV_100A,FU_2037,,0,0,0,0,7,0,0,0,0,0,0,0,0,0,,1,0,0,0,1,1
BB_5070,L,22 KV_100A,FU_2169,,0,0,0,0,7,0,0,0,0,0,0,0,0,0,,1,0,0,0,1,1
OH_4834,S,22 KV_100A,FU_1953,,0,0,0,0,7,0,0,0,0,0,0,0,0,0,,1,0,0,0,1,1
BB_5192,L,22 KV_100A,FU_1920,,0,0,0,0,7,0,0,0,0,0,0,0,0,0,,1,0,0,0,1,1
BB_5302,L,22 KV_100A,FU_2096,,0,0,0,0,7,0,0,0,0,0,0,0,0,0,,1,0,0,0,1,1
BB_5090,L,22 KV_100A,FU_1866,,0,0,0,0,7,0,0,0,0,0,0,0,0,0,,1,0,0,0,1,1
BB_4916,L,22 KV_100A,FU_2224,,0,0,0,0,7,0,0,0,0,0,0,0,0,0,,1,0,0,0,1,1
BB_5070,L,22 KV_100A,FU_2169,,0,0,0,0,7,0,0,0,0,0,0,0,0,0,,1,0,0,0,1,1
BB_4958,L,22 KV_100A,FU_2145,,0,0,0,0,7,0,0,0,0,0,0,0,0,0,,1,0,0,0,1,1
BB_5138,L,22 KV_100A,FU_2078,,0,0,0,0,7,0,0,0,0,0,0,0,0,0,,1,0,0,0,1,1
BB_4986,L,22 KV_100A,FU_2195,,0,0,0,0,7,0,0,0,0,0,0,0,0,0,,1,0,0,0,1,1
BB_5206,L,22 KV_100A,FU_2069,,0,0,0,0,7,0,0,0,0,0,0,0,0,0,,1,0,0,0,1,1
BB_5202,L,22 KV_100A,FU_2205,,0,0,0,0,7,0,0,0,0,0,0,0,0,0,,1,0,0,0,1,1
BB_4938,L,22 KV_100A,FU_2076,,0,0,0,0,7,0,0,0,0,0,0,0,0,0,,1,0,0,0,1,1
BB_5114,L,22 KV_100A,FU_1857,,0,0,0,0,7,0,0,0,0,0,0,0,0,0,,1,0,0,0,1,1
BB_5050,L,22 KV_100A,FU_1921,,0,0,0,0,7,0,0,0,0,0,0,0,0,0,,1,0,0,0,1,1
BB_5068,L,22 KV_100A,FU_1833,,0,0,0,0,7,0,0,0,0,0,0,0,0,0,,1,0,0,0,1,1
OH_4696,S,22 KV_100A,FU_2100,,0,0,0,0,7,0,0,0,0,0,0,0,0,0,,1,0,0,0,1,1
OH_4840,S,22 KV_100A,FU_1819,,0,0,0,0,7,0,0,0,0,0,0,0,0,0,,1,0,0,0,1,1
BB_5174,L,22 KV_100A,FU_2223,,0,0,0,0,7,0,0,0,0,0,0,0,0,0,,1,0,0,0,1,1
BB_5162,L,22 KV_100A,FU_1929,,0,0,0,0,7,0,0,0,0,0,0,0,0,0,,1,0,0,0,1,1
OH_4834,S,22 KV_100A,FU_1953,,0,0,0,0,7,0,0,0,0,0,0,0,0,0,,1,0,0,0,1,1
OH_4673,S,22 KV_100A,FU_1960,,0,0,0,0,7,0,0,0,0,0,0,0,0,0,,1,0,0,0,1,1
BB_5234,L,22 KV_100A,FU_2142,,0,0,0,0,7,0,0,0,0,0,0,0,0,0,,1,0,0,0,1,1
BB_5202,L,22 KV_100A,FU_2205,,0,0,0,0,7,0,0,0,0,0,0,0,0,0,,1,0,0,0,1,1
BB_5334,L,22 KV_100A,FU_2200,,0,0,0,0,7,0,0,0,0,0,0,0,0,0,,1,0,0,0,1,1
BB_5050,L,22 KV_100A,FU_1921,,0,0,0,0,7,0,0,0,0,0,0,0,0,0,,1,0,0,0,1,1
BB_5162,L,22 KV_100A,FU_1929,,0,0,0,0,7,0,0,0,0,0,0,0,0,0,,1,0,0,0,1,1
BB_4916,L,22 KV_100A,FU_2224,,0,0,0,0,7,0,0,0,0,0,0,0,0,0,,1,0,0,0,1,1
BB_5090,L,22 KV_100A,FU_1866,,0,0,0,0,7,0,0,0,0,0,0,0,0,0,,1,0,0,0,1,1
OH_4837,S,22 KV_100A,FU_2148,,0,0,0,0,7,0,0,0,0,0,0,0,0,0,,1,0,0,0,1,1
BB_4972,L,22 KV_100A,FU_2124,,0,0,0,0,7,0,0,0,0,0,0,0,0,0,,1,0,0,0,1,1
BB_5242,L,22 KV_100A,FU_1877,,0,0,0,0,7,0,0,0,0,0,0,0,0,0,,1,0,0,0,1,1
OH_4837,S,22 KV_100A,FU_2148,,0,0,0,0,7,0,0,0,0,0,0,0,0,0,,1,0,0,0,1,1
BB_5138,L,22 KV_100A,FU_2078,,0,0,0,0,7,0,0,0,0,0,0,0,0,0,,1,0,0,0,1,1
BB_5036,L,22 KV_100A,FU_1862,,0,0,0,0,7,0,0,0,0,0,0,0,0,0,,1,0,0,0,1,1
BB_4942,L,22 KV_100A,FU_2037,,0,0,0,0,7,0,0,0,0,0,0,0,0,0,,1,0,0,0,1,1
BB_4958,L,22 KV_100A,FU_2145,,0,0,0,0,7,0,0,0,0,0,0,0,0,0,,1,0,0,0,1,1
BB_4892,L,22 KV_100A,FU_2257,,0,0,0,0,7,0,0,0,0,0,0,0,0,0,,1,0,0,0,1,1
OH_4837,S,22 KV_100A,FU_2148,,0,0,0,0,7,0,0,0,0,0,0,0,0,0,,1,0,0,0,1,1
BB_5192,L,22 KV_100A,FU_1920,,0,0,0,0,7,0,0,0,0,0,0,0,0,0,,1,0,0,0,1,1
OH_4840,S,22 KV_100A,FU_1819,,0,0,0,0,7,0,0,0,0,0,0,0,0,0,,1,0,0,0,1,1
BB_5128,L,22 KV_100A,FU_1878,,0,0,0,0,7,0,0,0,0,0,0,0,0,0,,1,0,0,0,1,1
BB_5128,L,22 KV_100A,FU_1878,,0,0,0,0,7,0,0,0,0,0,0,0,0,0,,1,0,0,0,1,1
BB_5070,L,22 KV_100A,FU_2169,,0,0,0,0,7,0,0,0,0,0,0,0,0,0,,1,0,0,0,1,1
BB_5220,L,22 KV_100A,FU_2229,,0,0,0,0,7,0,0,0,0,0,0,0,0,0,,1,0,0,0,1,1
BB_5206,L,22 KV_100A,FU_2069,,0,0,0,0,7,0,0,0,0,0,0,0,0,0,,1,0,0,0,1,1
BB_5242,L,22 KV_100A,FU_1877,,0,0,0,0,7,0,0,0,0,0,0,0,0,0,,1,0,0,0,1,1
OH_5561,S,22 KV_100A,FU_1814,,0,0,0,0,7,0,0,0,0,0,0,0,0,0,,1,0,0,0,1,1
BB_5248,L,22 KV_100A,FU_1930,,0,0,0,0,7,0,0,0,0,0,0,0,0,0,,1,0,0,0,1,1
BB_5036,L,22 KV_100A,FU_1862,,0,0,0,0,7,0,0,0,0,0,0,0,0,0,,1,0,0,0,1,1
BB_4986,L,22 KV_100A,FU_2195,,0,0,0,0,7,0,0,0,0,0,0,0,0,0,,1,0,0,0,1,1
BB_5174,L,22 KV_100A,FU_2223,,0,0,0,0,7,0,0,0,0,0,0,0,0,0,,1,0,0,0,1,1
BB_5208,L,22 KV_100A,FU_2080,,0,0,0,0,7,0,0,0,0,0,0,0,0,0,,1,0,0,0,1,1
BB_5206,L,22 KV_100A,FU_2069,,0,0,0,0,7,0,0,0,0,0,0,0,0,0,,1,0,0,0,1,1
OH_4840,S,22 KV_100A,FU_1819,,0,0,0,0,7,0,0,0,0,0,0,0,0,0,,1,0,0,0,1,1
BB_5208,L,22 KV_100A,FU_2080,,0,0,0,0,7,0,0,0,0,0,0,0,0,0,,1,0,0,0,1,1
BB_5220,L,22 KV_100A,FU_2229,,0,0,0,0,7,0,0,0,0,0,0,0,0,0,,1,0,0,0,1,1
OH_4694,S,22 KV_100A,FU_2182,,0,0,0,0,7,0,0,0,0,0,0,0,0,0,,1,0,0,0,1,1
BB_5220,L,22 KV_100A,FU_2229,,0,0,0,0,7,0,0,0,0,0,0,0,0,0,,1,0,0,0,1,1
BB_5192,L,22 KV_100A,FU_1920,,0,0,0,0,7,0,0,0,0,0,0,0,0,0,,1,0,0,0,1,1
BB_5302,L,22 KV_100A,FU_2096,,0,0,0,0,7,0,0,0,0,0,0,0,0,0,,1,0,0,0,1,1
BB_5248,L,22 KV_100A,FU_1930,,0,0,0,0,7,0,0,0,0,0,0,0,0,0,,1,0,0,0,1,1
BB_4938,L,22 KV_100A,FU_2076,,0,0,0,0,7,0,0,0,0,0,0,0,0,0,,1,0,0,0,1,1
OH_4842,S,22 KV_100A,FU_1945,,0,0,0,0,7,0,0,0,0,0,0,0,0,0,,1,0,0,0,1,1
BB_5166,L,22 KV_100A,FU_1817,,0,0,0,0,7,0,0,0,0,0,0,0,0,0,,1,0,0,0,1,1
BB_4972,L,22 KV_100A,FU_2124,,0,0,0,0,7,0,0,0,0,0,0,0,0,0,,1,0,0,0,1,1
BB_5302,L,22 KV_100A,FU_2096,,0,0,0,0,7,0,0,0,0,0,0,0,0,0,,1,0,0,0,1,1
OH_5561,S,22 KV_100A,FU_1814,,0,0,0,0,7,0,0,0,0,0,0,0,0,0,,1,0,0,0,1,1
OH_4694,S,22 KV_100A,FU_2182,,0,0,0,0,7,0,0,0,0,0,0,0,0,0,,1,0,0,0,1,1
OH_4842,S,22 KV_100A,FU_1945,,0,0,0,0,7,0,0,0,0,0,0,0,0,0,,1,0,0,0,1,1
OH_4842,S,22 KV_100A,FU_1945,,0,0,0,0,7,0,0,0,0,0,0,0,0,0,,1,0,0,0,1,1
OH_4696,S,22 KV_100A,FU_2100,,0,0,0,0,7,0,0,0,0,0,0,0,0,0,,1,0,0,0,1,1
BB_5174,L,22 KV_100A,FU_2223,,0,0,0,0,7,0,0,0,0,0,0,0,0,0,,1,0,0,0,1,1
BB_5128,L,22 KV_100A,FU_1878,,0,0,0,0,7,0,0,0,0,0,0,0,0,0,,1,0,0,0,1,1
OH_5561,S,22 KV_100A,FU_1814,,0,0,0,0,7,0,0,0,0,0,0,0,0,0,,1,0,0,0,1,1
OH_4673,S,22 KV_100A,FU_1960,,0,0,0,0,7,0,0,0,0,0,0,0,0,0,,1,0,0,0,1,1
BB_4992,L,22 KV_100A,FU_2085,,0,0,0,0,7,0,0,0,0,0,0,0,0,0,,1,0,0,0,1,1
BB_4972,L,22 KV_100A,FU_2124,,0,0,0,0,7,0,0,0,0,0,0,0,0,0,,1,0,0,0,1,1
BB_5208,L,22 KV_100A,FU_2080,,0,0,0,0,7,0,0,0,0,0,0,0,0,0,,1,0,0,0,1,1
BB_5162,L,22 KV_100A,FU_1929,,0,0,0,0,7,0,0,0,0,0,0,0,0,0,,1,0,0,0,1,1
BB_5138,L,22 KV_100A,FU_2078,,0,0,0,0,7,0,0,0,0,0,0,0,0,0,,1,0,0,0,1,1
BB_4992,L,22 KV_100A,FU_2085,,0,0,0,0,7,0,0,0,0,0,0,0,0,0,,1,0,0,0,1,1
OH_4844,S,22 KV_200A,FU_1885,,0,0,0,0,7,0,0,0,0,0,0,0,0,0,,1,0,0,0,1,1
OH_4844,S,22 KV_200A,FU_1885,,0,0,0,0,7,0,0,0,0,0,0,0,0,0,,1,0,0,0,1,1
OH_4844,S,22 KV_200A,FU_1885,,0,0,0,0,7,0,0,0,0,0,0,0,0,0,,1,0,0,0,1,1
