
[INTERMEDIATE NODES]
FORMAT_INTERMEDIATENODE=SectionID,SeqNumber,CoordX,CoordY,IsBreakPoint,BreakPointLocation
               
OH_4653,1,758429.760172199,1830367.86659254,,
OH_4653,2,758492.879088789,1830314.48475431,,
OH_4659,1,760978.408298506,1831793.24273334,,
OH_4659,2,760998.697777944,1831828.47766564,,
OH_4659,3,761018.253629407,1831862.48576143,,
OH_4659,4,761044.806704167,1831909.42276937,,
OH_4662,1,758501.342410081,1835032.1444546,,
OH_4662,2,758528.43132142,1835105.43610476,,
OH_4662,3,758559.989239421,1835179.99972409,,
OH_4662,4,758599.690571784,1835260.97396621,,
OH_4662,5,758641.201175634,1835342.4108622,,
OH_4662,6,758682.351283921,1835418.30973786,,
OH_4662,7,758724.47199236,1835502.3019469,,
OH_4662,8,758765.302900542,1835577.97467598,,
OH_4662,9,758784.757094462,1835620.28363666,,
OH_4662,10,758805.924333811,1835662.28118453,,
OH_4662,11,758829.789558144,1835710.62235045,,
OH_4662,12,758849.601330198,1835749.8356772,,
OH_4662,13,758873.745463333,1835792.75510984,,
OH_4662,14,758896.434831035,1835841.19411276,,
OH_4662,15,758909.513442595,1835898.59372352,,
OH_4662,16,758917.535001175,1835950.28762967,,
OH_4662,17,758918.584548561,1836013.63243587,,
OH_4663,1,759689.134130482,1835872.16918082,,
OH_4663,2,759656.440708304,1835926.1807284,,
OH_4663,3,759616.450848297,1836003.25220771,,
OH_4663,4,759586.12331003,1836072.87428552,,
OH_4663,5,759591.402109564,1836156.9755718,,
OH_4663,6,759599.150129514,1836231.14194483,,
OH_4663,7,759608.367870132,1836298.57218744,,
OH_4663,8,759614.262222323,1836358.32236027,,
OH_4663,9,759623.481833013,1836434.39000498,,
OH_4663,10,759631.595598425,1836487.19060692,,
OH_4663,11,759624.142545544,1836575.8331106,,
OH_4669,1,759798.623492834,1827032.43543619,,
OH_4669,2,759838.756185956,1827052.4071482,,
OH_4669,3,759883.815515425,1827080.29939843,,
OH_4669,4,759939.465302987,1827106.65918259,,
OH_4674,1,759499.274929809,1826650.77265816,,
OH_4676,1,760286.46612773,1835072.54112424,,
OH_4676,2,760303.356448968,1835090.71437439,,
OH_4678,1,759597.435328916,1837124.6456327,,
OH_4678,2,759566.316618663,1837131.56092629,,
OH_4678,3,759510.226080864,1837149.23651806,,
OH_4678,4,759462.510652892,1837161.14355722,,
OH_4678,5,759403.744163163,1837178.18239415,,
OH_4678,6,759371.074154452,1837186.18202067,,
OH_4678,7,759320.668986719,1837198.48388405,,
OH_4678,8,759275.782490975,1837210.35475752,,
OH_4678,9,759229.573152093,1837224.94880135,,
OH_4678,10,759158.829483751,1837246.75239924,,
OH_4678,11,759122.256973296,1837257.79971728,,
OH_4678,12,759073.412662481,1837274.28313634,,
OH_4678,13,759032.890128884,1837289.3738579,,
OH_4678,14,758990.679884602,1837301.91755726,,
OH_4678,15,758934.117301328,1837320.2297647,,
OH_4678,16,758878.814796552,1837332.08154052,,
OH_4678,17,758836.731427302,1837345.98005887,,
OH_4678,18,758796.727927851,1837353.67801479,,
OH_4683,1,761133.633802241,1830573.51332445,,
OH_4684,1,759764.514304396,1835790.23700252,,
OH_4684,2,759797.883287844,1835801.52943347,,
OH_4684,3,759879.105809607,1835792.80326735,,
OH_4684,4,759946.061161535,1835785.64682825,,
OH_4684,5,759990.908413083,1835771.49896915,,
OH_4684,6,760094.226895771,1835782.64417337,,
OH_4684,7,760135.44601533,1835769.48442495,,
OH_4684,8,760240.497045468,1835750.02031312,,
OH_4684,9,760301.525080144,1835726.96079285,,
OH_4684,10,760402.880888292,1835728.7630571,,
OH_4684,11,760482.543825984,1835709.98763059,,
OH_4684,12,760585.358115881,1835706.72083716,,
OH_4684,13,760645.351431689,1835689.34293476,,
OH_4693,1,757818.145640671,1824277.31713874,,
OH_4693,2,757805.655267809,1824255.66713327,,
OH_4693,3,757792.367537068,1824231.73133798,,
OH_4693,4,757772.924203098,1824189.42458071,,
OH_4693,5,757754.655943554,1824156.67251228,,
OH_4693,6,757734.908879392,1824121.80134259,,
OH_4693,7,757713.312593775,1824085.7698958,,
OH_4693,8,757690.693827405,1824039.47495841,,
OH_4693,9,757671.706423159,1824000.91154634,,
OH_4693,10,757648.357389959,1823958.77195149,,
OH_4693,11,757620.41834621,1823920.06513624,,
OH_4693,12,757610.674756924,1823884.24655395,,
OH_4693,13,757622.976421492,1823837.90517521,,
OH_4693,14,757639.425834169,1823792.14838321,,
OH_4693,15,757658.499959872,1823736.56219552,,
OH_4693,16,757702.2120826,1823684.33101728,,
OH_4693,17,757745.345773953,1823626.5405694,,
OH_4693,18,757782.692663923,1823588.5081619,,
OH_4693,19,757792.17604048,1823538.28907099,,
OH_4693,20,757809.902775497,1823496.53225478,,
OH_4693,21,757854.102134341,1823463.56555454,,
OH_4693,22,757892.504460862,1823436.00989207,,
OH_4693,23,757935.981729615,1823415.4571758,,
OH_4700,1,757530.54690757,1834739.12601048,,
OH_4700,2,757521.461623136,1834688.52764572,,
OH_4700,3,757516.38744473,1834613.63590756,,
OH_4700,4,757491.220787988,1834551.14226938,,
OH_4700,5,757480.875720489,1834482.67201501,,
OH_4700,6,757455.97155112,1834428.08032616,,
OH_4701,1,759089.330355296,1837286.99843199,,
OH_4701,2,759026.599995525,1837309.18297265,,
OH_4701,3,758970.930600222,1837324.80232986,,
OH_4701,4,758894.125500461,1837347.6702808,,
OH_4701,5,758841.365552605,1837359.41120763,,
OH_4701,6,758779.926809188,1837378.48296786,,
OH_4701,7,758701.429424775,1837408.12609092,,
OH_4701,8,758646.602308824,1837425.10708902,,
OH_4701,9,758581.60637539,1837454.20313274,,
OH_4701,10,758526.266472669,1837481.03242406,,
OH_4701,11,758460.730126198,1837510.44223218,,
OH_4701,12,758405.392855001,1837534.17597619,,
OH_4701,13,758340.190478675,1837568.57022582,,
OH_4701,14,758291.521410486,1837591.35411951,,
OH_4701,15,758229.282921857,1837617.53128247,,
OH_4701,16,758160.507545411,1837648.4319142,,
OH_4701,17,758116.98609007,1837668.96538157,,
OH_4701,18,758052.780010366,1837700.95329044,,
OH_4701,19,757990.462453115,1837730.65232675,,
OH_4701,20,757936.126499771,1837757.49383254,,
OH_4701,21,757868.760979454,1837790.36859819,,
OH_4701,22,757814.681349562,1837816.78707881,,
OH_4701,23,757754.098368518,1837842.23838712,,
OH_4701,24,757690.731664326,1837867.12239134,,
OH_4701,25,757632.671711759,1837891.14513701,,
OH_4701,26,757572.156871228,1837916.98933486,,
OH_4701,27,757514.393926735,1837937.20940235,,
OH_4701,28,757453.301599061,1837963.43799942,,
OH_4701,29,757402.329836623,1837984.45207488,,
OH_4701,30,757330.63710558,1838008.27569639,,
OH_4701,31,757261.478660621,1838029.64007418,,
OH_4701,32,757206.686556892,1838049.93318643,,
OH_4701,33,757143.357667885,1838068.77148372,,
OH_4708,1,760455.600468111,1829756.89919964,,
OH_4711,1,760673.00289772,1829976.79428496,,
OH_4730,1,761200.274910429,1831156.40245259,,
OH_4730,2,761183.900172011,1831138.21282728,,
OH_4730,3,761144.745776665,1831094.71897734,,
OH_4730,4,761109.300597031,1831058.86774853,,
OH_4730,5,761148.679526534,1831026.05741526,,
OH_4730,6,761198.957051111,1830978.4157631,,
OH_4730,7,761241.198119657,1830953.07193031,,
OH_4730,8,761283.279170976,1830925.45985385,,
OH_4730,9,761321.249956106,1830886.50649222,,
OH_4730,10,761379.030023032,1830859.86191172,,
OH_4730,11,761431.554942008,1830835.03571537,,
OH_4730,12,761459.453144719,1830815.83208479,,
OH_4761,1,754838.237237779,1833518.12003632,,
OH_4761,2,754860.416381396,1833565.54933511,,
OH_4761,3,754885.388039206,1833634.84974297,,
OH_4761,4,754939.916998546,1833668.24536586,,
OH_4761,5,754998.810625457,1833699.06146662,,
OH_4761,6,755063.359862893,1833739.1344024,,
OH_4761,7,755116.946698616,1833767.2292666,,
OH_4761,8,755177.190898365,1833801.16321419,,
OH_4761,9,755233.236734466,1833829.06726816,,
OH_4761,10,755293.011273713,1833866.53663315,,
OH_4762,1,755447.02378789,1834041.97895003,,
OH_4762,2,755470.72208757,1834087.2129455,,
OH_4762,3,755498.337170811,1834126.40434673,,
OH_4762,4,755513.345608191,1834174.96689714,,
OH_4762,5,755535.086280043,1834223.16703408,,
OH_4762,6,755554.557319499,1834264.69706425,,
OH_4762,7,755579.865233979,1834309.28616031,,
OH_4762,8,755610.956600082,1834370.11023357,,
OH_4762,9,755633.578500658,1834415.99598565,,
OH_4762,10,755649.38106572,1834460.69318706,,
OH_4762,11,755661.950197375,1834508.0090343,,
OH_4762,12,755680.081316296,1834554.39485046,,
OH_4762,13,755707.78407724,1834594.9162338,,
OH_4762,14,755719.842428267,1834622.4075522,,
OH_4762,15,755716.485637623,1834662.00446143,,
OH_4762,16,755736.753982001,1834717.16260788,,
OH_4762,17,755756.917478064,1834781.17697262,,
OH_4762,18,755770.311636438,1834821.86084721,,
OH_4762,19,755784.678820286,1834852.59064196,,
OH_4762,20,755852.554288123,1834872.99876792,,
OH_4762,21,755927.11882692,1834887.61792565,,
OH_4762,22,755996.955153991,1834904.8391608,,
OH_4762,23,756073.171898873,1834924.12988421,,
OH_4762,24,756147.696360816,1834942.07203188,,
OH_4762,25,756230.551691307,1834959.78201178,,
OH_4762,26,756298.996132602,1834977.21018568,,
OH_4762,27,756365.828792619,1834995.50393267,,
OH_4762,28,756442.735998095,1835010.59592613,,
OH_4762,29,756493.579418629,1835000.02247886,,
OH_4762,30,756545.78225217,1834991.68091361,,
OH_4762,31,756597.45765154,1834982.88916594,,
OH_4762,32,756646.650836042,1834976.39286942,,
OH_4762,33,756692.330913986,1834968.9688078,,
OH_4762,34,756737.729946908,1834949.36241311,,
OH_4762,35,756781.87349884,1834927.52666942,,
OH_4762,36,756832.859619104,1834905.10767061,,
OH_4762,37,756873.876656687,1834885.89183299,,
OH_4762,38,756919.291911314,1834864.95734207,,
OH_4762,39,756963.822765284,1834846.55885305,,
OH_4767,1,755099.392693844,1832389.36340176,,
OH_4767,2,755142.392176481,1832365.81179721,,
OH_4767,3,755180.106146274,1832343.41757146,,
OH_4767,4,755235.183193437,1832312.22744753,,
OH_4767,5,755272.826866288,1832292.78634718,,
OH_4767,6,755311.717044799,1832267.9504978,,
OH_4767,7,755360.218648933,1832247.7132251,,
OH_4767,8,755400.68012004,1832217.20313655,,
OH_4767,9,755452.44101857,1832190.84897767,,
OH_4767,10,755522.482264988,1832154.9197982,,
OH_4767,11,755569.479161492,1832124.60299597,,
OH_4767,12,755612.156533765,1832103.17644526,,
OH_4767,13,755670.627384169,1832072.9699221,,
OH_4767,14,755732.574334229,1832034.52685441,,
OH_4767,15,755772.981921641,1832016.22774121,,
OH_4767,16,755828.048496098,1831985.9643698,,
OH_4767,17,755878.014555692,1831957.20492131,,
OH_4767,18,755928.201932392,1831930.83296071,,
OH_4767,19,755977.636217487,1831898.50878011,,
OH_4767,20,756018.752986515,1831873.27419528,,
OH_4767,21,756077.552770727,1831842.2721556,,
OH_4767,22,756111.892756477,1831823.85917637,,
OH_4767,23,756160.339069708,1831794.28141636,,
OH_4767,24,756218.225036697,1831767.05877342,,
OH_4768,1,756950.400203337,1831424.07870607,,
OH_4768,2,756971.584266853,1831447.58223655,,
OH_4769,1,757033.751069664,1831535.35181228,,
OH_4769,2,757115.843519662,1831519.72786646,,
OH_4769,3,757206.197042411,1831501.10303561,,
OH_4769,4,757283.553070334,1831488.74457407,,
OH_4769,5,757354.396885268,1831467.33980482,,
OH_4769,6,757422.806344297,1831444.13464474,,
OH_4769,7,757490.620987273,1831426.01572067,,
OH_4769,8,757566.952836073,1831418.96020926,,
OH_4769,9,757648.850587254,1831419.72236181,,
OH_4769,10,757660.735403738,1831506.11522711,,
OH_4769,11,757685.075855821,1831595.53644691,,
OH_4769,12,757695.767454363,1831683.35539114,,
OH_4770,1,757754.019910842,1831758.90036648,,
OH_4770,2,757798.785887566,1831748.25587689,,
OH_4770,3,757781.955362645,1831722.39098995,,
OH_4771,1,758250.393234155,1832563.82601423,,
OH_4771,2,758288.20410768,1832616.20892858,,
OH_4771,3,758372.588540976,1832729.27425448,,
OH_4771,4,758449.411240656,1832840.69857936,,
OH_4771,5,758502.923982219,1832927.92678482,,
OH_4771,6,758541.596954703,1832997.26221533,,
OH_4771,7,758576.8849401,1833055.1504422,,
OH_4771,8,758621.924482394,1833136.63127522,,
OH_4771,9,758659.116993849,1833204.61920942,,
OH_4772,1,757855.609444598,1831000.91918656,,
OH_4772,2,757917.634938327,1831064.77458258,,
OH_4772,3,757977.53646258,1831118.75055555,,
OH_4773,1,757880.183811474,1830857.61179881,,
OH_4775,1,760447.89772009,1831073.37195705,,
OH_4775,2,760500.179913854,1831075.7860455,,
OH_4775,3,760565.716294257,1831086.43932668,,
OH_4775,4,760612.367319524,1831087.26056761,,
OH_4775,5,760677.130382763,1831093.27222933,,
OH_4775,6,760740.104732765,1831103.75974539,,
OH_4775,7,760820.57497907,1831110.21086286,,
OH_4775,8,760903.835100296,1831120.03313738,,
OH_4775,9,760963.391243544,1831125.75317861,,
OH_4775,10,761014.778431394,1831130.01888919,,
OH_4775,11,761064.111009112,1831095.29889459,,
OH_4776,1,759257.473482859,1830964.88732524,,
OH_4776,2,759253.458957898,1830966.84839258,,
OH_4777,1,759150.296357283,1830961.3782475,,
OH_4777,2,759090.159870089,1830939.6772383,,
OH_4777,3,759028.527910556,1830920.03425303,,
OH_4777,4,758964.630566854,1830903.2508132,,
OH_4777,5,758979.822442808,1830849.04296979,,
OH_4778,1,759620.629064939,1831297.77589151,,
OH_4778,2,759656.079183484,1831306.35384165,,
OH_4778,3,759690.216145832,1831314.02598695,,
OH_4778,4,759738.761106183,1831326.28583808,,
OH_4778,5,759776.978121593,1831334.0782795,,
OH_4778,6,759818.318915155,1831344.04431593,,
OH_4778,7,759866.204091558,1831354.62360617,,
OH_4779,1,760137.876009492,1831168.63214325,,
OH_4779,2,760196.383391829,1831161.03753576,,
OH_4779,3,760254.13133109,1831154.42925084,,
OH_4779,4,760306.400130885,1831150.52377277,,
OH_4781,1,761229.389045392,1831151.12128353,,
OH_4781,2,761287.958849774,1831114.54437166,,
OH_4781,3,761363.473235009,1831067.38768734,,
OH_4781,4,761438.166509634,1831028.76883491,,
OH_4781,5,761468.059001149,1830994.07740771,,
OH_4781,6,761498.005140367,1830955.86780867,,
OH_4781,7,761525.309173003,1830926.77189018,,
OH_4781,8,761556.587102227,1830880.95880133,,
OH_4782,1,761671.335049188,1830789.24049055,,
OH_4782,2,761731.037765175,1830762.61908867,,
OH_4783,1,760686.018757575,1830342.88926353,,
OH_4783,2,760623.762540058,1830298.39842008,,
OH_4783,3,760545.833184912,1830242.86589649,,
OH_4783,4,760494.487312728,1830205.81541868,,
OH_4783,5,760433.835025663,1830161.01243828,,
OH_4783,6,760364.19024374,1830109.23623959,,
OH_4783,7,760296.924730776,1830063.79992546,,
OH_4783,8,760209.545424131,1829994.86881409,,
OH_4783,9,760168.718818059,1829970.79051237,,
OH_4783,10,760114.956321777,1829930.2796287,,
OH_4783,11,760048.026227737,1829883.5186817,,
OH_4783,12,759977.178266273,1829833.9447496,,
OH_4783,13,759914.42967135,1829785.79557261,,
OH_4783,14,759832.600225479,1829725.79228774,,
OH_4783,15,759762.709909189,1829676.45003518,,
OH_4783,16,759709.350228487,1829637.82862748,,
OH_4783,17,759654.524758692,1829596.75159657,,
OH_4783,18,759583.783381696,1829547.06871114,,
OH_4783,19,759527.506373055,1829511.17960247,,
OH_4783,20,759448.027329736,1829450.87313752,,
OH_4784,1,760905.740871026,1830383.42439983,,
OH_4784,2,760920.840461936,1830336.10845,,
OH_4784,3,760927.472543348,1830308.9514854,,
OH_4784,4,760937.516079303,1830264.56366853,,
OH_4784,5,760946.826066541,1830236.66542429,,
OH_4784,6,760965.448737652,1830198.24880529,,
OH_4785,1,760745.442795116,1830295.22470913,,
OH_4785,2,760723.465720227,1830244.16217666,,
OH_4785,3,760696.109195428,1830173.4044798,,
OH_4785,4,760632.915648922,1830037.09574496,,
OH_4786,1,759797.360194132,1829010.33214532,,
OH_4786,2,759839.788649271,1828990.36091748,,
OH_4786,3,759883.874109044,1828965.87137514,,
OH_4786,4,759935.04783552,1828964.60825954,,
OH_4786,5,759982.504236839,1828961.63935818,,
OH_4786,6,760028.129200325,1828959.9772598,,
OH_4786,7,760082.510854048,1828958.42126931,,
OH_4786,8,760120.817575991,1828970.17846538,,
OH_4786,9,760164.246499597,1828973.47238599,,
OH_4788,1,759314.764768597,1829165.82039868,,
OH_4788,2,759334.374623047,1829080.80258549,,
OH_4788,3,759352.70980659,1829004.07239308,,
OH_4788,4,759367.996251233,1828923.3205787,,
OH_4788,5,759384.775112735,1828842.80833351,,
OH_4788,6,759400.483503852,1828762.50438301,,
OH_4788,7,759424.947026903,1828691.27347205,,
OH_4788,8,759435.000074898,1828592.85508308,,
OH_4788,9,759454.061899076,1828517.90530158,,
OH_4788,10,759469.906525569,1828444.0259805,,
OH_4788,11,759484.251205595,1828361.71149571,,
OH_4788,12,759502.3975421,1828274.12956771,,
OH_4788,13,759522.678510542,1828195.54185594,,
OH_4788,14,759535.856454581,1828121.40767741,,
OH_4788,15,759554.104602439,1828034.26986084,,
OH_4789,1,759664.973171166,1827926.34915423,,
OH_4789,2,759732.208106817,1827862.49530157,,
OH_4789,3,759770.863262869,1827840.46957269,,
OH_4789,4,759828.030990064,1827845.1819556,,
OH_4789,5,759892.609472549,1827858.95232768,,
OH_4789,6,759965.732770694,1827844.28473238,,
OH_4789,7,760036.712322013,1827811.43881714,,
OH_4789,8,760104.136228139,1827803.14321345,,
OH_4789,9,760174.163754653,1827774.94984217,,
OH_4789,10,760217.969315123,1827720.95568859,,
OH_4789,11,760267.157950186,1827704.46794033,,
OH_4789,12,760319.323771968,1827705.34877897,,
OH_4789,13,760383.343962344,1827709.07800559,,
OH_4789,14,760435.640980125,1827696.11608181,,
OH_4790,1,759320.840407053,1825836.98308514,,
OH_4790,2,759229.872972593,1825842.41962773,,
OH_4790,3,759139.215277187,1825848.746033,,
OH_4790,4,759049.062757783,1825857.40400144,,
OH_4790,5,758950.168328355,1825864.73923351,,
OH_4790,6,758874.049459625,1825870.13447579,,
OH_4790,7,758783.103965213,1825873.80161878,,
OH_4790,8,758687.559219033,1825877.9674514,,
OH_4790,9,758595.094740607,1825883.61006304,,
OH_4790,10,758504.090803693,1825892.14930368,,
OH_4790,11,758407.399583331,1825893.97748574,,
OH_4790,12,758337.892424251,1825944.73913696,,
OH_4791,1,759467.275010376,1825634.24744257,,
OH_4791,2,759538.973541164,1825658.91664598,,
OH_4791,3,759590.516451272,1825672.05068563,,
OH_4791,4,759639.880966633,1825670.87460012,,
OH_4791,5,759689.347582774,1825676.38623796,,
OH_4792,1,759440.555972698,1825342.95271581,,
OH_4792,2,759454.267787286,1825268.82611971,,
OH_4792,3,759462.823500593,1825179.35695085,,
OH_4792,4,759469.081408816,1825103.36790001,,
OH_4792,5,759479.175368491,1825036.94586942,,
OH_4792,6,759483.197741677,1824969.01241965,,
OH_4792,7,759491.393106982,1824900.57566015,,
OH_4792,8,759492.668897828,1824830.17327995,,
OH_4792,9,759498.7469018,1824760.16092956,,
OH_4792,10,759505.820865436,1824687.2818679,,
OH_4792,11,759512.253984629,1824614.39519504,,
OH_4792,12,759518.275869007,1824549.03228733,,
OH_4792,13,759523.48342062,1824480.33697941,,
OH_4792,14,759530.359785758,1824414.98447892,,
OH_4792,15,759538.224439519,1824356.28706975,,
OH_4792,16,759592.239146486,1824333.02250387,,
OH_4792,17,759665.640321491,1824305.3415152,,
OH_4792,18,759725.577846301,1824278.1627272,,
OH_4792,19,759787.758722825,1824250.90041841,,
OH_4793,1,758160.089701423,1824845.26947785,,
OH_4793,2,758125.340425493,1824865.77763193,,
OH_4793,3,758083.554586253,1824894.06473415,,
OH_4793,4,758043.638983577,1824917.83263589,,
OH_4793,5,757998.559898803,1824944.52923935,,
OH_4793,6,757967.341802514,1824964.63814662,,
OH_4793,7,757932.91900331,1824984.59798238,,
OH_4793,8,757897.907138611,1825009.31281218,,
OH_4793,9,757850.157680168,1825027.12020749,,
OH_4793,10,757811.435261823,1825040.49632688,,
OH_4793,11,757770.696855888,1825052.7411887,,
OH_4793,12,757724.789352439,1825068.46723463,,
OH_4793,13,757692.08539936,1825078.81547402,,
OH_4793,14,757644.254325039,1825094.62937049,,
OH_4793,15,757602.103748286,1825108.85055242,,
OH_4793,16,757555.625599383,1825100.87638364,,
OH_4793,17,757535.56616403,1825098.97565946,,
OH_4793,18,757510.592491151,1825097.12689631,,
OH_4793,19,757474.849857926,1825093.59932284,,
OH_4793,20,757431.82739814,1825091.42410335,,
OH_4793,21,757410.490273795,1825089.17606706,,
OH_4793,22,757390.129203603,1825085.61110309,,
OH_4793,23,757347.12791536,1825081.6648193,,
OH_4793,24,757304.014634298,1825078.16015743,,
OH_4793,25,757275.528200075,1825075.27323094,,
OH_4793,26,757244.818610961,1825070.6979035,,
OH_4793,27,757198.845277768,1825065.16746951,,
OH_4793,28,757159.774695765,1825063.0400127,,
OH_4793,29,757128.535857254,1825031.22302872,,
OH_4793,30,757086.798788573,1824992.96983272,,
OH_4793,31,757060.723252615,1824967.08267685,,
OH_4793,32,757028.334737119,1824933.03780085,,
OH_4793,33,757002.080991635,1824895.30069605,,
OH_4793,34,756959.769710095,1824869.22103447,,
OH_4794,1,758741.947110909,1824925.54914601,,
OH_4794,2,758739.091577558,1824860.85373527,,
OH_4794,3,758736.147165861,1824794.82974092,,
OH_4794,4,758732.842130651,1824723.15474496,,
OH_4794,5,758732.179400703,1824691.62615131,,
OH_4794,6,758731.187244598,1824647.51369348,,
OH_4794,7,758725.293426775,1824577.91127803,,
OH_4794,8,758669.787754399,1824574.36586063,,
OH_4795,1,762117.232242798,1831479.15481361,,
OH_4795,2,762128.777361726,1831495.41608321,,
OH_4795,3,762171.409895498,1831509.83707503,,
OH_4795,4,762218.95589984,1831522.8502627,,
OH_4795,5,762262.83387314,1831535.31360143,,
OH_4795,6,762314.916568439,1831551.88685705,,
OH_4795,7,762363.819569275,1831567.00289152,,
OH_4795,8,762413.981233143,1831575.87196916,,
OH_4795,9,762467.289419188,1831590.90042475,,
OH_4795,10,762500.785175102,1831595.2243591,,
OH_4796,1,761267.638555291,1831333.83507429,,
OH_4796,2,761225.386870967,1831392.1138121,,
OH_4796,3,761184.116483142,1831448.7447196,,
OH_4796,4,761141.336924453,1831506.46252829,,
OH_4796,5,761094.664598725,1831568.34142787,,
OH_4796,6,761051.290965133,1831631.03658624,,
OH_4796,7,761001.551336902,1831699.29914143,,
OH_4797,1,761820.876562458,1831429.13421037,,
OH_4797,2,761800.165064912,1831481.64733068,,
OH_4797,3,761781.292490516,1831536.62853222,,
OH_4797,4,761767.743075228,1831588.05984069,,
OH_4797,5,761749.062864677,1831622.90413638,,
OH_4797,6,761729.158629539,1831687.01741914,,
OH_4797,7,761714.782141337,1831727.47714654,,
OH_4797,8,761698.289168186,1831775.10899019,,
OH_4797,9,761680.959819985,1831830.03597062,,
OH_4798,1,761842.693136271,1831362.10461605,,
OH_4798,2,761855.703783636,1831310.99912933,,
OH_4798,3,761866.074681136,1831283.7773188,,
OH_4798,4,761878.667497128,1831240.74923769,,
OH_4798,5,761893.013402635,1831202.8360029,,
OH_4798,6,761904.426228178,1831160.23652132,,
OH_4798,7,761916.668358871,1831125.74528056,,
OH_4798,8,761925.405627207,1831086.41819985,,
OH_4798,9,761926.589950748,1831041.81169058,,
OH_4798,10,761949.509047508,1830966.57887729,,
OH_4798,11,761967.388138961,1830927.93361969,,
OH_4798,12,761997.628295811,1830891.54289827,,
OH_4799,1,762648.483112416,1831516.00533985,,
OH_4799,2,762678.840061634,1831478.84198642,,
OH_4799,3,762694.049306793,1831449.02110315,,
OH_4799,4,762700.992831523,1831422.52167011,,
OH_4800,1,763000.832432575,1831399.86989787,,
OH_4800,2,763024.214410168,1831376.38540773,,
OH_4800,3,763062.413855309,1831356.32138871,,
OH_4800,4,763102.534819553,1831331.44116949,,
OH_4800,5,763086.619368579,1831262.8157272,,
OH_4801,1,761194.143247142,1833122.64324998,,
OH_4801,2,761142.701109041,1833148.7025447,,
OH_4801,3,761098.1639239,1833180.96566656,,
OH_4801,4,761060.680782395,1833189.65353816,,
OH_4801,5,760997.432434746,1833206.21221582,,
OH_4801,6,760936.933034551,1833211.70136158,,
OH_4801,7,760898.30008968,1833200.13014574,,
OH_4801,8,760855.664376633,1833193.95324903,,
OH_4801,9,760814.767391304,1833191.96173151,,
OH_4801,10,760777.735894199,1833201.82922226,,
OH_4801,11,760730.427353611,1833205.9150782,,
OH_4801,12,760698.276938406,1833255.97742747,,
OH_4801,13,760684.68694154,1833307.76154542,,
OH_4801,14,760675.086981336,1833343.50968454,,
OH_4801,15,760688.35312223,1833389.00158297,,
OH_4801,16,760719.773401866,1833443.07608025,,
OH_4801,17,760725.203961995,1833508.75245499,,
OH_4801,18,760741.917097062,1833565.10276579,,
OH_4801,19,760734.53602082,1833603.830944,,
OH_4801,20,760729.819515248,1833664.90173351,,
OH_4801,21,760721.864793825,1833741.90703384,,
OH_4801,22,760717.819938315,1833783.06064546,,
OH_4802,1,762590.043217666,1833250.07674864,,
OH_4802,2,762562.704559909,1833286.92476983,,
OH_4802,3,762529.190766745,1833328.143794,,
OH_4802,4,762502.618174491,1833357.92062594,,
OH_4802,5,762453.172829612,1833410.79403083,,
OH_4802,6,762458.531670962,1833440.99734522,,
OH_4802,7,762452.123603601,1833502.29590238,,
OH_4802,8,762440.385324822,1833548.72894561,,
OH_4802,9,762421.048997415,1833619.19080254,,
OH_4802,10,762412.462157608,1833665.44864131,,
OH_4802,11,762391.247506412,1833710.98159354,,
OH_4802,12,762369.368794573,1833766.89566338,,
OH_4802,13,762359.272906025,1833825.30225169,,
OH_4803,1,761431.759471881,1833253.43233089,,
OH_4803,2,761432.051467613,1833299.60812624,,
OH_4803,3,761434.516902507,1833342.59728413,,
OH_4803,4,761409.052791094,1833399.19901423,,
OH_4803,5,761433.867487381,1833448.32900319,,
OH_4803,6,761458.899731952,1833497.13074632,,
OH_4803,7,761461.081112545,1833545.87622811,,
OH_4803,8,761469.451088605,1833612.52240207,,
OH_4845,1,756404.566975352,1826066.65718319,,
OH_4845,2,756421.999869538,1826118.56999425,,
OH_4845,3,756442.943778335,1826189.56920296,,
OH_4845,4,756462.595573485,1826243.50022598,,
OH_4845,5,756475.056132042,1826300.33626272,,
OH_4845,6,756484.441889775,1826355.25435004,,
OH_4845,7,756492.317494321,1826436.84978966,,
OH_4845,8,756504.367211894,1826501.51414444,,
OH_4845,9,756521.688239569,1826571.62225537,,
OH_4845,10,756541.609748212,1826644.88476007,,
OH_4845,11,756560.048016956,1826707.54378857,,
OH_4845,12,756580.540900754,1826776.57602527,,
OH_4845,13,756632.980280576,1826770.44562866,,
OH_4845,14,756679.951005373,1826763.58811383,,
OH_4845,15,756728.722374248,1826758.1914093,,
OH_4845,16,756777.597122363,1826752.90676342,,
OH_4845,17,756823.554970832,1826750.57678023,,
OH_4845,18,756836.627609697,1826747.07906826,,
OH_4845,19,756892.782841253,1826740.44227568,,
OH_4845,20,756931.792651559,1826738.47252068,,
OH_4845,21,756988.438306938,1826735.49552192,,
OH_4845,22,757014.802028945,1826733.66590798,,
OH_4845,23,757034.807847405,1826731.69834854,,
OH_4846,1,756487.167758493,1824799.81333686,,
OH_4846,2,756479.695642273,1824754.44091434,,
OH_4846,3,756471.327817521,1824712.59968347,,
OH_4846,4,756468.219433863,1824668.71968018,,
OH_4846,5,756458.846740274,1824621.55206445,,
OH_4846,6,756450.712156117,1824578.05398439,,
OH_4846,7,756443.409492434,1824518.51180147,,
OH_4846,8,756445.923842306,1824468.82964246,,
OH_4846,9,756442.514973238,1824396.26918627,,
OH_4846,10,756435.874215635,1824316.91650504,,
OH_4846,11,756420.31252406,1824269.23351519,,
OH_4846,12,756412.735230858,1824205.813013,,
OH_4846,13,756403.390902014,1824129.30585459,,
OH_4846,14,756392.726505953,1824073.93089128,,
OH_4846,15,756385.753490822,1824031.44329875,,
OH_4846,16,756373.965432735,1823971.73701871,,
OH_4846,17,756369.969555156,1823930.5038694,,
OH_4855,1,761144.383825574,1831095.07231374,,
OH_4855,2,761183.463714394,1831138.48431848,,
OH_4855,3,761199.900825337,1831156.74368239,,
CA_4856,1,761271.453943536,1831214.81819294,,
CA_4856,2,761274.606236402,1831214.85458813,,
CA_4857,1,761278.144689139,1831214.42644752,,
CA_4857,2,761271.538035567,1831214.35839294,,
OH_5397,1,759570.560726983,1831066.81169737,,
CA_5434,1,761277.392399764,1831216.16613671,,
CA_5434,2,761271.60245542,1831216.11910017,,
CA_5440,1,761275.338952633,1831213.66981953,,
CA_5440,2,761271.529140422,1831213.65940871,,
OH_5444,1,761829.642837669,1831400.2752695,,
CA_5507,1,760345.381625453,1835110.58541753,,
CA_5507,2,760345.497165507,1835099.00458151,,
OH_5514,1,758502.625912398,1834987.65049666,,
OH_5515,1,760182.394388627,1835064.12559094,,
OH_5515,2,760238.641524242,1835066.48118696,,
OH_5516,1,761428.625358327,1833194.78002233,,
OH_5516,2,761443.647318174,1833219.40740469,,
OH_5518,1,763209.44408913,1832309.68245817,,
OH_5518,2,763267.991824554,1832333.54245875,,
OH_5522,1,762612.880973311,1831545.46462843,,
BB_5524,1,760405.246214057,1831070.96670308,,
OH_5529,1,760875.451313954,1830450.37486003,,
OH_5530,1,761356.907180151,1830747.20993803,,
OH_5530,2,761279.137900698,1830705.18398533,,
OH_5530,3,761199.823596885,1830658.38096137,,
OH_5533,1,759624.375857425,1827969.9188691,,
OH_5535,1,759386.655838457,1825826.81497014,,
OH_5539,1,758201.145187767,1824786.31793397,,
OH_5540,1,756497.828628839,1824846.44164335,,
OH_5541,1,756206.768380935,1824943.06499031,,
OH_5542,1,756455.504650118,1824875.27765264,,
OH_5542,2,756405.404094686,1824884.31343327,,
OH_5542,3,756350.648737255,1824889.64023562,,
OH_5542,4,756270.959072041,1824907.8457607,,
OH_5542,5,756244.984328853,1824900.3389093,,
OH_5543,1,756070.178533011,1824931.25419823,,
OH_5586,1,759597.97827383,1836655.31219469,,
CA_5596,1,755036.86387402,1832347.31392816,,
CA_5596,2,755025.274064367,1832355.76118254,,
CA_5596,3,755027.191438925,1832358.54449909,,
OH_5615,1,757748.203064694,1831833.81941782,,
OH_5628,1,758437.786522793,1830406.83352515,,
OH_5628,2,758481.88075468,1830414.30437633,,
OH_5628,3,758505.666883256,1830419.28755395,,
OH_5628,4,758597.60008788,1830435.48271119,,
OH_5628,5,758657.796548772,1830449.69479928,,
OH_5628,6,758703.773067396,1830455.51583808,,
OH_5628,7,758792.257450891,1830475.54981468,,
OH_5628,8,758862.13149414,1830488.95369137,,
OH_5628,9,758924.747982684,1830501.38117414,,
OH_5628,10,758968.625901404,1830512.05237737,,
OH_5628,11,759021.834392485,1830523.79622018,,
OH_5628,12,759060.920271659,1830536.79492481,,
OH_5628,13,759112.433579679,1830543.60822422,,
OH_5628,14,759162.452128938,1830552.68111473,,
OH_5628,15,759231.533336289,1830566.20169301,,
OH_5628,16,759260.971826059,1830574.90214738,,
OH_5634,1,760913.770490876,1831813.27184881,,
OH_5634,2,760894.92994595,1831825.88646662,,
OH_5634,3,760878.61186547,1831832.88487109,,
OH_5634,4,760807.345331162,1831836.0039783,,
OH_5634,5,760815.903171093,1831887.48282259,,
OH_5634,6,760830.105215047,1831940.24837225,,
OH_5636,1,760243.264903895,1834809.55086183,,
OH_5637,1,760130.707774048,1835144.88757883,,
OH_5637,2,760086.133711089,1835219.30426058,,
OH_5637,3,760037.984707632,1835297.88496964,,
OH_5637,4,759983.720527585,1835370.30179093,,
OH_5637,5,759928.359723734,1835445.03163329,,
OH_5637,6,759877.092960027,1835507.96190142,,
OH_5637,7,759835.298895431,1835564.58764919,,
OH_5637,8,759786.163807201,1835627.8772109,,
OH_5637,9,759753.920092062,1835706.98354543,,
OH_5638,1,759659.498927181,1836712.30312219,,
OH_5638,2,759654.184699401,1836781.46808448,,
OH_5638,3,759655.859066628,1836852.85149755,,
OH_5638,4,759664.533053252,1836925.60095507,,
OH_5638,5,759662.514317685,1837000.49700927,,
OH_5646,1,759786.781939653,1826942.71876415,,
OH_5646,2,759751.816274334,1826883.94692757,,
OH_5646,3,759710.912107746,1826839.27675639,,
OH_5646,4,759673.058713284,1826771.94479676,,
OH_5646,5,759634.907455038,1826711.47288358,,
OH_5646,6,759596.245552985,1826657.97137872,,
OH_5647,1,759650.417222687,1837106.43425396,,
OH_5648,1,761040.028461019,1830564.20561052,,
OH_5648,2,760956.831952977,1830511.70841698,,
OH_5651,1,759644.143759893,1837130.79744048,,
OH_5651,2,759582.629494543,1837144.17423368,,
OH_5651,3,759513.689973331,1837164.68207239,,
OH_5651,4,759455.003482133,1837181.00980846,,
OH_5651,5,759398.313044432,1837198.07395525,,
OH_5651,6,759336.794292758,1837217.67596749,,
OH_5652,1,759227.760530105,1837250.46901334,,
OH_5654,1,757589.084860174,1834792.73408987,,
OH_5654,2,757641.434142109,1834799.12138171,,
OH_5654,3,757689.557540865,1834801.58276425,,
OH_5654,4,757740.943597617,1834808.06943255,,
OH_5654,5,757800.133644333,1834813.76444008,,
OH_5654,6,757849.620457784,1834818.45699651,,
OH_5654,7,757901.585618239,1834821.18546477,,
OH_5654,8,757954.486238605,1834826.03011115,,
OH_5654,9,758005.97232281,1834833.07334508,,
OH_5654,10,758067.314711658,1834837.35569181,,
OH_5654,11,758105.860176146,1834837.37746526,,
OH_5654,12,758157.758967557,1834845.53214049,,
OH_5654,13,758203.043255972,1834879.9584854,,
OH_5654,14,758242.550914141,1834915.20102603,,
OH_5654,15,758288.657683766,1834925.61130559,,
OH_5654,16,758341.396462915,1834934.99452076,,
OH_5654,17,758391.124764627,1834946.11305614,,
OH_5654,18,758441.084023895,1834955.79514276,,
OH_5659,1,760548.598349992,1829715.86694841,,
OH_5659,2,760584.544641991,1829701.90950613,,
OH_5659,3,760632.247619244,1829687.31854262,,
OH_5659,4,760689.634882417,1829666.86729249,,
OH_5662,1,760590.857954178,1829938.59701791,,
OH_5662,2,760545.533874655,1829836.40390181,,
OH_5662,3,760530.209758605,1829796.57970896,,
OH_5663,1,758164.999413807,1824751.25065015,,
OH_5663,2,758118.868222745,1824721.47458043,,
OH_5663,3,758072.088095046,1824668.12771409,,
OH_5663,4,758042.61260972,1824611.32131766,,
OH_5686,1,757223.702129325,1831281.35820927,,
OH_5686,2,757265.15663852,1831263.9919249,,
OH_5686,3,757301.2805398,1831249.89109133,,
OH_5686,4,757361.910569899,1831221.2069897,,
OH_5686,5,757429.631845974,1831186.17646454,,
OH_5686,6,757504.749747257,1831163.14049394,,
OH_5686,7,757549.234619304,1831136.9590853,,
OH_5686,8,757650.193126208,1831099.94549558,,
OH_5686,9,757663.84513504,1831096.04826606,,
OH_5686,10,757700.580558676,1831087.10048057,,
OH_5686,11,757744.656512264,1831062.80669615,,
OH_5686,12,757765.632475292,1831004.04542259,,
OH_5687,1,757845.255332506,1830769.18478925,,
OH_5687,2,757860.714375446,1830722.18537858,,
OH_5687,3,757881.435877225,1830693.25545414,,
OH_5687,4,757905.131998339,1830643.15182222,,
OH_5687,5,757925.672930066,1830584.4707386,,
OH_5687,6,757957.652075972,1830545.28404961,,
OH_5687,7,757999.113451639,1830505.40301062,,
OH_5687,8,758036.800144768,1830460.44025532,,
OH_5687,9,758069.208195547,1830431.17817076,,
OH_5687,10,758113.939433523,1830387.70634434,,
OH_5687,11,758143.284592278,1830345.59706907,,
OH_5687,12,758200.208922393,1830356.82452693,,
OH_5687,13,758254.444410817,1830360.6435588,,
OH_5687,14,758292.644509491,1830372.91805919,,
OH_5687,15,758349.586610522,1830386.91180947,,
OH_5688,1,757812.926988647,1830885.12226978,,
OH_5689,1,759312.843844128,1830667.62266464,,
OH_5689,2,759312.624125101,1830696.05960314,,
OH_5689,3,759309.313029,1830758.32185936,,
OH_5690,1,759310.383004847,1830863.7736561,,
OH_5691,1,759640.999887888,1830993.20652202,,
OH_5691,2,759690.715166131,1830997.68680175,,
OH_5691,3,759732.62462652,1830990.2941466,,
OH_5691,4,759804.160410097,1830999.41661269,,
OH_5691,5,759879.19152515,1831009.57703817,,
OH_5691,6,759936.594774906,1831017.78032859,,
OH_5691,7,759972.635004503,1831019.10715438,,
OH_5691,8,760047.795781654,1831030.91839411,,
OH_5691,9,760109.572618665,1831035.2855469,,
OH_5693,1,760799.090560915,1830415.34584506,,
OH_5694,1,759390.351686315,1829380.42277311,,
OH_5694,2,759409.755082884,1829356.74157262,,
OH_5694,3,759434.936938441,1829323.27498009,,
OH_5694,4,759458.252793532,1829293.99444975,,
OH_5694,5,759486.291330273,1829262.77891266,,
OH_5694,6,759507.129955507,1829235.23990233,,
OH_5694,7,759526.425115054,1829211.77779683,,
OH_5694,8,759551.085279444,1829186.16723287,,
OH_5694,9,759570.583804203,1829163.37414747,,
OH_5694,10,759610.687456964,1829114.80861765,,
OH_5694,11,759638.768996062,1829080.16041024,,
OH_5694,12,759685.284029939,1829031.34252246,,
OH_5695,1,759416.351832837,1825755.8693629,,
OH_5695,2,759422.850354658,1825686.41567357,,
OH_5696,1,759432.538434634,1825467.63835891,,
OH_5696,2,759412.851325556,1825443.70707312,,
OH_5696,3,759339.008455209,1825428.42376173,,
OH_5696,4,759294.720522281,1825416.04324836,,
OH_5696,5,759230.896672249,1825402.65253091,,
OH_5697,1,759149.273821668,1825332.69149643,,
OH_5697,2,759120.123777624,1825304.99289184,,
OH_5697,3,759067.398203364,1825257.08001354,,
OH_5697,4,759013.438810923,1825205.05805377,,
OH_5697,5,758987.165243817,1825178.05860631,,
OH_5697,6,758939.704046612,1825145.15768092,,
OH_5697,7,758899.212877281,1825110.1263088,,
OH_5697,8,758871.401179444,1825086.65156506,,
OH_5697,9,758884.137061196,1825066.87411716,,
OH_5697,10,758846.430758725,1825040.18141811,,
OH_5697,11,758804.841205623,1825016.42932812,,
OH_5697,12,758762.598375819,1824993.7777807,,
OH_5697,13,758760.822109105,1825008.26064813,,
OH_5698,1,763289.251485518,1831549.88049656,,
OH_5698,2,763334.300848113,1831560.06642249,,
OH_5698,3,763373.884476295,1831571.7354678,,
OH_5698,4,763421.706184131,1831582.17696608,,
OH_5698,5,763461.712665479,1831594.18366082,,
OH_5698,6,763454.890710997,1831636.61770651,,
OH_5698,7,763438.991774138,1831731.20177064,,
OH_5698,8,763447.25481638,1831684.46720779,,
OH_5698,9,763432.419378108,1831779.39650424,,
OH_5698,10,763425.213354117,1831827.02983745,,
OH_5698,11,763421.527960232,1831879.37329849,,
OH_5698,12,763419.239602562,1831913.43253759,,
OH_5698,13,763427.515843119,1831961.25493287,,
OH_5698,14,763430.980730543,1832000.93663489,,
OH_5698,15,763436.951630048,1832045.07906465,,
OH_5698,16,763395.840982716,1832062.17912184,,
OH_5698,17,763349.784699147,1832099.37007717,,
OH_5698,18,763320.067893415,1832136.54052025,,
OH_5698,19,763295.946804813,1832170.23643669,,
OH_5723,1,760708.665973868,1833829.45564489,,
OH_5723,2,760684.876511188,1833871.57362404,,
OH_5723,3,760657.187777692,1833918.07081925,,
OH_5723,4,760624.664641295,1833958.31102022,,
OH_5723,5,760594.615937244,1833997.02904077,,
OH_5723,6,760561.883343316,1834036.93348412,,
OH_5723,7,760529.256482283,1834076.95107535,,
OH_5723,8,760494.878090688,1834120.60009906,,
OH_5723,9,760447.217604765,1834179.36720391,,
OH_5723,10,760429.945137623,1834254.37246703,,
OH_5723,11,760426.971626667,1834322.22195634,,
OH_5723,12,760412.665264146,1834394.70108084,,
OH_5723,13,760409.003364725,1834463.32378213,,
OH_5723,14,760405.25688392,1834529.95357738,,
OH_5723,15,760400.037638915,1834600.01665181,,
OH_5723,16,760387.607290879,1834668.38989325,,
OH_5723,17,760362.623185156,1834729.92289984,,
OH_5725,1,762655.391028249,1833131.54137476,,
OH_5725,2,762654.03308736,1833181.35011107,,
OH_5726,1,763252.115853144,1832400.22548847,,
OH_5726,2,763235.951268966,1832438.22660678,,
OH_5726,3,763210.697147997,1832485.96941364,,
OH_5726,4,763168.677196905,1832551.11365595,,
OH_5726,5,763138.807108562,1832609.54112039,,
OH_5726,6,763107.645519329,1832660.09028724,,
OH_5726,7,763075.389170619,1832712.8416183,,
OH_5726,8,763074.934133799,1832767.31302902,,
OH_5726,9,763068.969323707,1832844.30327801,,
OH_5726,10,763009.390676774,1832895.94549632,,
OH_5726,11,762974.947681751,1832917.99860842,,
OH_5726,12,762930.794827981,1832939.60158752,,
OH_5726,13,762893.303548466,1832966.49023286,,
OH_5726,14,762847.336687594,1832979.21435804,,
OH_5726,15,762804.271861142,1832990.31231314,,
OH_5726,16,762764.103950409,1833009.08454193,,
OH_5726,17,762722.355940258,1833034.8151256,,
OH_5726,18,762685.361612205,1833056.06339684,,
OH_5728,1,759576.879039421,1831160.07368441,,
OH_5728,2,759585.200052355,1831213.76317799,,
OH_5728,3,759591.960112997,1831246.39679307,,
OH_5734,1,759738.581326914,1829031.10001262,,
OH_5743,1,761552.127522191,1831351.91678977,,
OH_5743,2,761592.048188864,1831361.5780719,,
OH_5743,3,761638.692694567,1831372.90243703,,
OH_5743,4,761681.203556131,1831379.10541498,,
OH_5743,5,761710.539374928,1831384.0183828,,
OH_5743,6,761764.086440669,1831397.19769343,,
OH_5743,7,761802.525199631,1831407.27412442,,
OH_5745,1,761532.00049715,1830774.33384955,,
OH_5748,1,756996.031050791,1831370.57697638,,
OH_5748,2,757057.903360285,1831346.33907136,,
OH_5748,3,757087.203171293,1831334.37384292,,
OH_5748,4,757120.067806095,1831318.75890954,,
OH_5748,5,757178.550463194,1831299.53377273,,
OH_5751,1,761364.676691104,1831294.89699924,,
OH_5751,2,761388.273521335,1831302.08688718,,
OH_5751,3,761476.673904971,1831330.40272221,,
OH_5752,1,759381.405905497,1826173.7474647,,
OH_5752,2,759390.956370731,1826108.0950358,,
OH_5752,3,759394.043809097,1826038.0466266,,
OH_5752,4,759400.84266215,1825961.39976981,,
OH_5752,5,759411.123396009,1825888.3379168,,
OH_5753,1,759403.869665202,1835007.18831664,,
OH_5753,2,759500.901449354,1835000.39129442,,
OH_5753,3,759571.041705414,1834992.27435143,,
OH_5753,4,759678.462344156,1834982.94677801,,
OH_5753,5,759758.582588142,1834961.99713014,,
OH_5753,6,759849.280930458,1834931.65302917,,
OH_5753,7,759950.258753332,1834898.99711287,,
OH_5753,8,760046.432251618,1834866.17365713,,
OH_5753,9,760155.92588393,1834835.72686619,,
OH_5758,1,763269.003251653,1832207.66231307,,
OH_5764,1,761767.711318788,1830715.6096726,,
OH_5778,1,756884.184867246,1824847.61498234,,
OH_5778,2,756830.782902444,1824855.9461217,,
OH_5778,3,756791.41812602,1824860.45783752,,
OH_5778,4,756741.83484459,1824871.0501862,,
OH_5778,5,756701.347963684,1824880.08920926,,
OH_5778,6,756654.096628068,1824865.24339941,,
OH_5778,7,756631.233657213,1824856.55526772,,
OH_5778,8,756593.963851521,1824855.66936091,,
OH_5787,1,755382.390718445,1833910.56152449,,
OH_5789,1,760136.647544574,1831092.55974467,,
OH_5789,2,760110.127304041,1831148.26298874,,
OH_5790,1,757781.590470608,1831899.51288957,,
OH_5790,2,757818.181902613,1831964.72458664,,
OH_5790,3,757844.758039622,1832036.9009917,,
OH_5790,4,757900.327475218,1832104.5542754,,
OH_5790,5,757952.715875917,1832170.28737356,,
OH_5790,6,757993.012341676,1832229.23199329,,
OH_5790,7,758030.861638824,1832278.62551746,,
OH_5790,8,758076.36285783,1832339.73655842,,
OH_5790,9,758120.541796831,1832395.51850156,,
OH_5790,10,758164.835647582,1832450.52592325,,
OH_5793,1,762982.242516875,1831452.44254388,,
OH_5793,2,763003.372146871,1831479.82875887,,
OH_5793,3,763037.937110689,1831491.54643924,,
OH_5793,4,763088.276994801,1831505.6719992,,
OH_5793,5,763138.688590719,1831513.93023353,,
OH_5793,6,763195.336908989,1831518.72085935,,
OH_5794,1,757050.874715712,1834808.29864381,,
OH_5794,2,757105.367142533,1834804.9670742,,
OH_5794,3,757157.589647488,1834804.04419383,,
OH_5794,4,757204.685001771,1834803.28128342,,
OH_5794,5,757254.700252882,1834799.45342616,,
OH_5794,6,757299.228285123,1834799.10274981,,
OH_5794,7,757348.684424456,1834797.3720519,,
OH_5794,8,757402.036793666,1834791.3702607,,
OH_5794,9,757448.350119445,1834791.72117027,,
OH_5794,10,757494.423650222,1834788.93815579,,
OH_5800,1,760251.540779688,1828952.93919788,,
OH_5800,2,760306.020440365,1828936.6855502,,
OH_5800,3,760390.682575917,1828884.31753203,,
OH_5800,4,760441.936568769,1828867.66646619,,
OH_5800,5,760496.544153558,1828847.5128818,,
OH_5800,6,760534.961437332,1828823.73083972,,
OH_5802,1,757980.997066334,1824540.71089046,,
OH_5802,2,757950.491293517,1824507.10005581,,
OH_5802,3,757917.471285586,1824473.99283485,,
OH_5802,4,757906.631438011,1824449.05323516,,
OH_5802,5,757894.195690092,1824422.7780942,,
OH_5802,6,757882.029424992,1824400.91942955,,
OH_5802,7,757868.384940201,1824376.90731996,,
OH_5802,8,757852.887595046,1824343.12096443,,
OH_5803,1,761874.823108362,1831392.00218083,,
OH_5803,2,761922.027349392,1831408.44828928,,
OH_5803,3,761970.519846365,1831425.05418341,,
OH_5803,4,762005.394948698,1831436.68841545,,
OH_5805,1,762003.779259875,1832844.43266319,,
OH_5805,2,761962.902495394,1832860.09975248,,
OH_5805,3,761926.345686702,1832871.72064359,,
OH_5805,4,761871.052365325,1832887.54256385,,
OH_5805,5,761832.960132184,1832902.57955989,,
OH_5805,6,761736.683189248,1832925.20886373,,
OH_5805,7,761636.875999752,1832948.45991883,,
OH_5805,8,761554.161700258,1832971.14504364,,
OH_5805,9,761483.99377286,1832998.19074506,,
OH_5805,10,761466.662190316,1833044.70403941,,
OH_5805,11,761448.451286762,1833084.45256226,,
OH_5805,12,761436.750373306,1833115.75490308,,
OH_5805,13,761415.863503221,1833164.77145087,,
OH_5808,1,756306.237589719,1831721.35526822,,
OH_5808,2,756346.068896578,1831702.50102993,,
OH_5808,3,756383.96904586,1831676.09815336,,
OH_5808,4,756443.078310837,1831636.01192131,,
OH_5808,5,756583.903961396,1831557.86813615,,
OH_5808,6,756626.429607732,1831529.22929267,,
OH_5808,7,756688.732553741,1831498.44883157,,
OH_5808,8,756741.530482249,1831473.03310385,,
OH_5808,9,756777.237116015,1831460.188575,,
OH_5808,10,756834.926406686,1831441.34405406,,
OH_5808,11,756887.189272713,1831421.29550865,,
OH_5812,1,756210.058040892,1824990.05709851,,
OH_5812,2,756216.651319931,1825055.00700328,,
OH_5812,3,756219.610649829,1825111.61873656,,
OH_5812,4,756225.976100806,1825160.07793445,,
OH_5812,5,756229.779210091,1825199.53854512,,
OH_5812,6,756230.277853395,1825265.42236752,,
OH_5812,7,756231.868782389,1825311.16754176,,
OH_5812,8,756241.388912088,1825363.9811834,,
OH_5812,9,756247.486457346,1825425.94584751,,
OH_5812,10,756250.487813646,1825478.90445315,,
OH_5812,11,756252.153633859,1825526.68330848,,
OH_5812,12,756258.555952367,1825585.83386884,,
OH_5812,13,756276.420233733,1825651.4893746,,
OH_5812,14,756299.39442476,1825722.51134248,,
OH_5812,15,756316.320698367,1825790.03019997,,
OH_5812,16,756335.882015169,1825860.68388614,,
OH_5812,17,756358.567034147,1825927.62039632,,
OH_5812,18,756379.801629225,1825984.65260485,,
OH_5813,1,759375.016552749,1830947.85740615,,
OH_5813,2,759504.714497932,1830967.50274567,,
OH_5813,3,759507.6023972,1830962.62722221,,
OH_5835,1,758557.112774907,1834984.98689853,,
OH_5835,2,758604.404354224,1834994.5264508,,
OH_5835,3,758655.009149146,1835003.77398422,,
OH_5835,4,758706.3250329,1835016.13040244,,
OH_5835,5,758737.170773778,1835025.80368848,,
OH_5835,6,758787.718348798,1835030.95421319,,
OH_5835,7,758837.690696868,1835030.78333093,,
OH_5835,8,758881.78381356,1835031.09506761,,
OH_5835,9,758933.759287757,1835032.94159979,,
OH_5835,10,758976.33400971,1835026.37050044,,
OH_5835,11,759027.440842626,1835029.42467546,,
OH_5835,12,759065.227351686,1835030.32480337,,
OH_5835,13,759120.571287163,1835027.34085131,,
OH_5835,14,759173.484197985,1835022.3346378,,
OH_5835,15,759226.56192038,1835021.42720897,,
OH_5835,16,759284.299069497,1835014.81887078,,
OH_5835,17,759327.705580621,1835010.02894495,,
OH_5836,1,760221.073684438,1834883.11013352,,
OH_5836,2,760231.821204714,1834907.73233328,,
OH_5836,3,760208.116922655,1834986.83142376,,
OH_5837,1,761335.024852177,1833165.00356884,,
OH_5837,2,761297.201596,1833149.37334257,,
OH_5837,3,761258.445047345,1833131.29604121,,
OH_5838,1,762571.467728434,1833087.22030445,,
OH_5838,2,762484.156200074,1833101.54016144,,
OH_5838,3,762409.566065169,1833097.19544199,,
OH_5838,4,762335.199754012,1833092.18839229,,
OH_5838,5,762262.366350205,1833092.62555688,,
OH_5838,6,762209.882001449,1833053.3411361,,
OH_5838,7,762157.46362514,1833017.37836429,,
OH_5838,8,762094.495276896,1832979.62678118,,
OH_5838,9,762071.877325315,1832943.03430637,,
OH_5838,10,762058.377718528,1832911.75620413,,
OH_5838,11,762044.444281301,1832872.27823683,,
OH_5839,1,762597.628514286,1831622.24468236,,
OH_5839,2,762650.558611219,1831634.39341638,,
OH_5839,3,762691.560519925,1831609.26759235,,
OH_5839,4,762731.430669684,1831579.57958188,,
OH_5839,5,762767.825043124,1831553.72867414,,
OH_5839,6,762808.302649431,1831528.70279126,,
OH_5839,7,762859.122962201,1831492.71711694,,
OH_5839,8,762889.401029062,1831473.00642284,,
OH_5839,9,762942.036889327,1831439.21664936,,
OH_5840,1,760227.808831102,1831049.31579582,,
OH_5840,2,760280.537910251,1831053.2649221,,
OH_5840,3,760347.408372711,1831066.21011957,,
OH_5841,1,760852.620277682,1830450.38625625,,
OH_5842,1,759315.203833852,1829350.61748496,,
OH_5842,2,759286.972826322,1829327.02532957,,
OH_5842,3,759293.590250056,1829283.14935713,,
OH_5843,1,759583.3786277,1827900.87246348,,
OH_5843,2,759599.561594717,1827825.55665217,,
OH_5843,3,759612.012009759,1827758.72132662,,
OH_5843,4,759627.833385402,1827686.83369487,,
OH_5843,5,759641.330446678,1827639.27620367,,
OH_5843,6,759650.636501369,1827549.70538526,,
OH_5843,7,759671.446639904,1827480.42434537,,
OH_5843,8,759689.358711724,1827412.32634071,,
OH_5843,9,759703.796215315,1827340.08873052,,
OH_5843,10,759714.7331988,1827274.67448838,,
OH_5843,11,759727.264176258,1827218.80132153,,
OH_5843,12,759741.362328255,1827156.96841596,,
OH_5843,13,759753.212570724,1827095.55101924,,
OH_5844,1,759515.070409552,1826541.95168166,,
OH_5844,2,759482.21458837,1826485.97506918,,
OH_5844,3,759445.705559384,1826422.09336896,,
OH_5844,4,759401.626620975,1826365.98049678,,
OH_5844,5,759373.181651563,1826315.48148704,,
OH_5844,6,759373.066277529,1826245.39435467,,
OH_5845,1,759435.479089928,1825551.48866088,,
OH_5846,1,758707.791011879,1824967.76450813,,
OH_5846,2,758664.251562868,1824940.56476472,,
OH_5846,3,758616.830967439,1824909.98476073,,
OH_5846,4,758576.350728552,1824900.75070618,,
OH_5846,5,758554.956947341,1824894.29465379,,
OH_5846,6,758504.16985816,1824880.39750994,,
OH_5846,7,758463.054302129,1824870.49395737,,
OH_5846,8,758414.271197821,1824858.72586253,,
OH_5846,9,758357.634639187,1824842.65523576,,
OH_5846,10,758308.195893736,1824832.09743975,,
OH_5846,11,758255.872008899,1824821.61588142,,
OH_5847,1,756500.705926711,1824865.58010116,,
OH_5876,1,760337.607039106,1834779.35699691,,
BB_5885,1,760317.264817424,1831283.80849522,,
BB_5885,2,760317.262815888,1831284.0086546,,
BB_5885,3,760317.259921703,1831284.30878424,,
BB_5885,4,760317.255814541,1831284.70888029,,
OH_5898,1,756146.491008345,1824918.65437148,,
OH_5898,2,756110.803793238,1824928.41585146,,
OH_10352,1,767018.756606512,1832396.86628096,,
OH_10352,2,767051.309778604,1832329.66325844,,
OH_10352,3,767055.314198853,1832272.48627633,,
OH_10352,4,767061.620224981,1832213.59302219,,
OH_10352,5,767066.832675039,1832172.35709061,,
OH_10352,6,767074.538991474,1832119.52583201,,
OH_10352,7,767080.844520344,1832059.03700294,,
OH_10352,8,767085.461539905,1832014.24908038,,
OH_10377,1,765152.09213409,1828802.69425813,,
OH_10377,2,765158.697433589,1828841.96020674,,
OH_10377,3,765165.615295775,1828884.96675363,,
OH_10377,4,765170.970751954,1828918.20273038,,
OH_10377,5,765179.865826526,1828957.63846991,,
OH_10377,6,765188.385095014,1828995.68242252,,
OH_10392,1,766571.553372839,1832572.62313697,,
OH_10392,2,766643.131204975,1832581.58975052,,
OH_10392,3,766694.355737826,1832555.8916998,,
OH_10392,4,766735.261228387,1832532.58781885,,
OH_10392,5,766791.37251088,1832497.39309556,,
OH_10392,6,766824.193810262,1832472.49505762,,
OH_10392,7,766863.279295225,1832443.42302708,,
OH_10392,8,766906.832745659,1832402.25357129,,
OH_10393,1,766258.968086595,1832341.00773399,,
OH_10393,2,766257.075536888,1832398.90833859,,
OH_10393,3,766257.075905121,1832445.91687952,,
OH_10394,1,766245.843722643,1832505.06663927,,
OH_10394,2,766210.981473954,1832543.38786567,,
OH_10394,3,766191.342015047,1832568.38948471,,
OH_10394,4,766152.330705497,1832605.44116608,,
OH_10394,5,766110.361498812,1832648.43415277,,
OH_10394,6,766079.324607971,1832679.7164558,,
OH_10394,7,766073.959288656,1832724.82605996,,
OH_10394,8,766067.851961204,1832769.48332967,,
OH_10395,1,766393.133978658,1832149.85181561,,
OH_10395,2,766445.787974559,1832081.36528934,,
OH_10395,3,766499.934276216,1832012.50231927,,
OH_10395,4,766549.165014462,1831952.43631134,,
OH_10395,5,766588.913950935,1831907.64232501,,
OH_10395,6,766619.653188098,1831866.1711053,,
OH_10395,7,766626.728029889,1831821.08282766,,
OH_10396,1,763622.749291161,1830981.58959862,,
OH_10396,2,763574.580171201,1831006.62372615,,
OH_10396,3,763530.740114648,1831030.48540328,,
OH_10396,4,763484.961610049,1831049.49470029,,
OH_10396,5,763438.111664456,1831071.2313335,,
OH_10396,6,763389.168261724,1831094.29528587,,
OH_10396,7,763341.982200291,1831117.16632079,,
OH_10396,8,763297.707728808,1831139.04222891,,
OH_10396,9,763250.085906347,1831159.48856306,,
OH_10396,10,763206.352634017,1831181.15768765,,
OH_10396,11,763163.89124082,1831195.33312677,,
OH_10396,12,763115.847136163,1831203.56963126,,
OH_10411,1,767912.921309336,1831194.64470794,,
OH_10411,2,767935.298921792,1831148.94574614,,
OH_10433,1,767158.315718209,1833897.51303344,,
OH_10433,2,767130.217254567,1833881.43944531,,
OH_10433,3,767093.414446029,1833861.27121527,,
OH_10433,4,767048.462988677,1833826.71774885,,
OH_10433,5,767028.093569673,1833815.94492912,,
OH_10433,6,766993.54872855,1833785.95027402,,
OH_10433,7,766966.468570967,1833765.34884982,,
OH_10433,8,766934.337947035,1833738.70741378,,
OH_10433,9,766897.653563198,1833709.01847656,,
OH_10433,10,766859.343319804,1833672.6647849,,
OH_10433,11,766831.175173412,1833645.07636417,,
OH_10433,12,766786.31438504,1833592.20504006,,
OH_10433,13,766783.224294394,1833580.77614301,,
OH_10433,14,766761.157382892,1833538.62026017,,
OH_10433,15,766739.355995347,1833486.64751425,,
OH_10433,16,766714.916146663,1833429.75661315,,
OH_10433,17,766690.708763777,1833369.7826043,,
OH_10433,18,766680.673396281,1833336.10322688,,
OH_10433,19,766666.710622453,1833287.14570065,,
OH_10433,20,766655.489410685,1833250.92482081,,
OH_10433,21,766632.042462843,1833201.63563023,,
OH_10433,22,766615.977527488,1833157.59815884,,
OH_10433,23,766610.326060603,1833131.26692499,,
OH_10433,24,766599.512492521,1833088.18394134,,
OH_10433,25,766593.189987035,1833049.60481425,,
OH_10433,26,766586.208798856,1833000.62684918,,
OH_10433,27,766575.67839845,1832926.09123678,,
OH_10433,28,766559.35199245,1832859.84438537,,
OH_10435,1,766543.553817485,1830591.41306613,,
OH_10435,2,766578.056932057,1830538.15735557,,
OH_10435,3,766617.748498177,1830480.96216484,,
OH_10435,4,766642.1560992,1830442.06838069,,
OH_10435,5,766655.442679621,1830421.30612368,,
OH_10435,6,766694.392150107,1830363.879238,,
OH_10435,7,766720.420047288,1830323.345964,,
OH_10435,8,766739.968597356,1830297.34570044,,
OH_10435,9,766774.3622289,1830245.51164055,,
OH_10435,10,766814.024126093,1830189.75219042,,
OH_10435,11,766850.142153815,1830138.9185629,,
OH_10435,12,766880.962328252,1830089.93644722,,
OH_10435,13,766904.40540612,1830054.28851564,,
OH_10435,14,766934.269710004,1830008.25227537,,
OH_10435,15,766975.550668544,1829947.05776715,,
OH_10436,1,766061.503239083,1831149.62284307,,
OH_10436,2,765984.962914198,1831135.14098783,,
OH_10436,3,765920.618217999,1831096.4188628,,
OH_10436,4,765846.192621954,1831051.30822219,,
OH_10436,5,765785.163956819,1831016.16434246,,
OH_10436,6,765740.282275107,1830989.27245865,,
OH_10436,7,765706.103477331,1830968.7592218,,
OH_10436,8,765671.666484303,1830940.14651551,,
OH_10437,1,766473.673422319,1830644.48664409,,
OH_10437,2,766399.456457746,1830609.35104784,,
OH_10437,3,766370.898718189,1830578.32557906,,
OH_10437,4,766336.596812926,1830536.82066827,,
OH_10437,5,766304.278446027,1830498.99439032,,
OH_10438,1,767019.724186536,1830820.43078766,,
OH_10438,2,767070.040758941,1830837.3337905,,
OH_10438,3,767130.643554735,1830862.78116262,,
OH_10438,4,767184.800994555,1830887.68885241,,
OH_10438,5,767237.730761481,1830912.82080027,,
OH_10438,6,767294.400740752,1830939.71884737,,
OH_10438,7,767356.737228028,1830971.59849901,,
OH_10438,8,767411.361791037,1830998.86139662,,
OH_10438,9,767474.239792809,1831030.46473191,,
OH_10438,10,767534.316998294,1831059.68252081,,
OH_10438,11,767591.727072779,1831088.50760068,,
OH_10438,12,767649.308100482,1831116.73363355,,
OH_10438,13,767712.046194742,1831149.56387913,,
OH_10438,14,767770.044393837,1831180.76972654,,
OH_10438,15,767826.254077493,1831213.9286891,,
OH_10439,1,766954.916892976,1830850.43862304,,
OH_10439,2,766948.31731547,1830900.18442646,,
OH_10439,3,766940.765316541,1830940.72699916,,
OH_10439,4,766933.842912056,1830982.76334933,,
OH_10439,5,766928.730784616,1831032.36931686,,
OH_10439,6,766924.464364784,1831074.83499568,,
OH_10439,7,766921.197967014,1831114.21300243,,
OH_10439,8,766917.841639612,1831143.62442095,,
OH_10439,9,766911.973097108,1831177.5443616,,
OH_10440,1,767074.581174185,1829902.33810044,,
OH_10440,2,767116.987886774,1829910.3950035,,
OH_10440,3,767151.085091804,1829916.90916341,,
OH_10440,4,767199.076096297,1829922.59974027,,
OH_10440,5,767248.278620921,1829932.21636199,,
OH_10440,6,767298.859592426,1829943.12361698,,
OH_10441,1,765273.927602085,1832211.49057514,,
OH_10441,2,765256.486405349,1832242.40182758,,
OH_10441,3,765237.391595803,1832274.66008591,,
OH_10441,4,765216.766083086,1832310.39057853,,
OH_10441,5,765196.242445486,1832346.45440587,,
OH_10441,6,765179.762092124,1832375.14989959,,
OH_10441,7,765151.531159408,1832421.41595904,,
OH_10441,8,765133.179652049,1832454.7386682,,
OH_10441,9,765111.125329881,1832493.77329339,,
OH_10442,1,764668.308966767,1831574.27119583,,
OH_10442,2,764667.343497893,1831539.04779338,,
OH_10442,3,764647.360032864,1831496.7248429,,
OH_10442,4,764622.257495337,1831445.26048203,,
OH_10442,5,764636.828059567,1831380.88787547,,
OH_10442,6,764680.199515367,1831358.65134092,,
OH_10442,7,764719.536408482,1831342.27003418,,
OH_10442,8,764762.670503333,1831317.22373549,,
OH_10442,9,764819.381810482,1831291.01761791,,
OH_10443,1,764563.427433745,1832093.49287857,,
OH_10443,2,764552.582042603,1832158.90794925,,
OH_10443,3,764540.304821875,1832227.84742964,,
OH_10443,4,764527.66404491,1832308.96421679,,
OH_10443,5,764514.330212204,1832384.78657864,,
OH_10443,6,764503.905487997,1832463.72407646,,
OH_10443,7,764493.818477035,1832526.72474227,,
OH_10443,8,764483.486796255,1832583.23725873,,
OH_10443,9,764469.619618379,1832668.54666193,,
OH_10443,10,764461.193211483,1832765.29990225,,
OH_10443,11,764447.935585399,1832832.99270402,,
OH_10443,12,764434.74946279,1832895.90641397,,
OH_10443,13,764421.120707114,1832969.19397127,,
OH_10443,14,764406.659988492,1833045.78303198,,
OH_10444,1,764649.611772968,1834064.87316989,,
OH_10444,2,764688.698188012,1834023.97829169,,
OH_10444,3,764721.443128768,1833989.74169973,,
OH_10444,4,764749.497439903,1833961.5368119,,
OH_10444,5,764777.997814715,1833932.05648836,,
OH_10444,6,764817.523327984,1833891.52816571,,
OH_10444,7,764854.001802749,1833843.46282774,,
OH_10444,8,764883.017363929,1833804.29389965,,
OH_10445,1,763936.572379343,1831105.22845668,,
OH_10445,2,763916.941951915,1831164.20099248,,
OH_10445,3,763894.957210947,1831228.26998114,,
OH_10445,4,763873.390890751,1831304.86798346,,
OH_10445,5,763850.383934649,1831376.18578968,,
OH_10445,6,763825.340263484,1831453.76091153,,
OH_10447,1,763047.918102917,1831095.50019776,,
OH_10447,2,763034.982780204,1831018.16758999,,
OH_10447,3,763018.152019075,1830948.09609531,,
OH_10448,1,765406.348596713,1828791.37516665,,
OH_10448,2,765453.808673207,1828792.94251477,,
OH_10448,3,765494.211977318,1828792.85600967,,
OH_10448,4,765546.634960896,1828793.6943158,,
OH_10448,5,765595.970604798,1828796.81870067,,
OH_10448,6,765641.327565371,1828799.86300498,,
OH_10448,7,765689.572668775,1828807.21378491,,
OH_10448,8,765749.006566819,1828819.97037101,,
OH_10448,9,765811.245693891,1828834.56089968,,
OH_10448,10,765877.860528555,1828855.06003143,,
OH_10448,11,765931.5247787,1828869.86381976,,
OH_10448,12,765975.765076352,1828884.22765308,,
OH_10448,13,766006.526886528,1828892.60508778,,
OH_10448,14,766027.434107866,1828899.63038424,,
OH_10448,15,766051.363974809,1828907.60551113,,
OH_10449,1,763409.324860469,1830432.66601669,,
OH_10449,2,763417.446997363,1830466.08224446,,
OH_10449,3,763425.349518926,1830509.54083209,,
OH_10449,4,763430.847098614,1830554.5675397,,
OH_10449,5,763436.568626426,1830599.417631,,
OH_10449,6,763444.606626022,1830642.2865337,,
OH_10449,7,763453.454642344,1830684.58076976,,
OH_10449,8,763458.627780645,1830731.48139439,,
OH_10449,9,763465.362609471,1830775.14260728,,
OH_10450,1,764247.487585498,1829408.85163362,,
OH_10450,2,764312.941682142,1829453.61457561,,
OH_10450,3,764376.349717469,1829491.0445653,,
OH_10450,4,764444.675685405,1829536.72902625,,
OH_10450,5,764516.796230694,1829586.55728217,,
OH_10450,6,764579.364932731,1829629.81502962,,
OH_10450,7,764656.541146557,1829678.07650428,,
OH_10450,8,764721.352212855,1829714.30714515,,
OH_10450,9,764774.037365848,1829737.76691322,,
OH_10450,10,764832.409324333,1829759.08147932,,
OH_10450,11,764890.022578841,1829781.38227523,,
OH_10450,12,764941.873932265,1829799.48555781,,
OH_10450,13,764992.553424312,1829815.97532219,,
OH_10450,14,765041.847258586,1829833.88786591,,
OH_10450,15,765082.06878053,1829849.412919,,
OH_10450,16,765118.952994994,1829863.59716341,,
OH_10450,17,765171.509389665,1829871.55398582,,
OH_10450,18,765223.626826484,1829880.39120754,,
OH_10450,19,765271.575346611,1829889.51055951,,
OH_10450,20,765325.061696105,1829899.91521043,,
OH_10450,21,765384.43641618,1829909.17491862,,
OH_10626,1,765890.97221001,1832244.99621997,,
OH_10626,2,765842.177219265,1832227.57654732,,
OH_10626,3,765789.800943862,1832201.60767568,,
OH_10626,4,765741.515450037,1832177.27412763,,
OH_10626,5,765695.750763961,1832152.5545046,,
OH_10626,6,765652.770864676,1832129.66534807,,
OH_10626,7,765603.576217145,1832102.68231404,,
OH_10626,8,765563.449651967,1832080.47213236,,
OH_10626,9,765516.480394438,1832056.83211478,,
OH_10626,10,765470.380423888,1832032.3480682,,
OH_10626,11,765413.872647226,1832003.15783763,,
OH_10626,12,765380.641929575,1831985.31713437,,
OH_10627,1,766420.059408797,1832529.92758314,,
OH_10627,2,766404.881540679,1832483.82524284,,
OH_10627,3,766386.55371565,1832416.92057335,,
OH_10627,4,766375.043055418,1832377.95495352,,
OH_10628,1,766944.902222219,1832482.42282287,,
OH_10628,2,766940.06188487,1832529.56399017,,
OH_10628,3,766936.882576113,1832585.41021974,,
OH_10628,4,766934.702864697,1832637.99361053,,
OH_10628,5,766933.967779848,1832688.96620587,,
OH_10628,6,767011.450407156,1832680.97671155,,
OH_10628,7,767088.714776964,1832666.0167493,,
OH_10628,8,767171.222308329,1832651.61180345,,
OH_10629,1,766328.019342653,1832312.64377457,,
OH_10629,2,766297.527733425,1832308.63535421,,
OH_10631,1,766229.650486462,1832298.88013388,,
OH_10631,2,766191.263390834,1832291.99484338,,
OH_10631,3,766132.948660633,1832282.62440129,,
OH_10631,4,766083.376375316,1832274.68345829,,
OH_10631,5,766042.848477833,1832268.62546476,,
OH_10631,6,765990.885793626,1832261.31733637,,
OH_10632,1,765957.386201596,1832195.1132107,,
OH_10632,2,765935.799609387,1832134.20996429,,
OH_10632,3,765916.438809607,1832074.39500165,,
OH_10632,4,765948.326668155,1832066.67990578,,
OH_10632,5,765954.944108938,1832040.28295683,,
OH_10632,6,765971.351300906,1831967.21059689,,
OH_10632,7,765983.149622853,1831913.56977087,,
OH_10632,8,765996.38687545,1831854.22338719,,
OH_10632,9,766008.249956453,1831780.73791244,,
OH_10632,10,766020.233988617,1831709.91157183,,
OH_10632,11,766034.26091281,1831646.7505206,,
OH_10632,12,766049.044100626,1831574.18706554,,
OH_10632,13,766059.414650122,1831522.89373964,,
OH_10632,14,766074.155636948,1831451.69179617,,
OH_10632,15,766091.20370383,1831378.91294713,,
OH_10632,16,766103.798149589,1831319.24523732,,
OH_10632,17,766116.790164721,1831264.89617978,,
OH_10632,18,766126.609331727,1831222.59789438,,
OH_10633,1,766187.509235045,1831099.83228941,,
OH_10633,2,766223.84634973,1831048.82779472,,
OH_10633,3,766259.28336651,1830997.84538622,,
OH_10633,4,766307.620828915,1830935.40687398,,
OH_10633,5,766345.96104412,1830886.21879681,,
OH_10633,6,766389.244443533,1830821.15337285,,
OH_10633,7,766427.45649752,1830762.72162508,,
OH_10633,8,766465.989948191,1830704.29379619,,
OH_10634,1,766585.194828954,1830685.33760262,,
OH_10634,2,766633.211897326,1830707.93766322,,
OH_10634,3,766670.030883356,1830725.7634901,,
OH_10634,4,766719.593253329,1830744.68018502,,
OH_10634,5,766772.281434759,1830758.17817625,,
OH_10634,6,766818.085535227,1830768.2534327,,
OH_10634,7,766867.990877396,1830777.95449362,,
OH_10634,8,766916.964112439,1830790.36374034,,
OH_10635,1,767927.413217077,1831306.38536164,,
OH_10635,2,767970.675594131,1831356.16700262,,
OH_10635,3,767926.93449265,1831382.85854488,,
OH_10635,4,767869.128302037,1831441.35127201,,
OH_10635,5,767850.253507986,1831459.0156121,,
OH_10635,6,767801.196342716,1831459.18609926,,
OH_10635,7,767757.540815252,1831456.89721923,,
OH_10635,8,767705.758755088,1831454.54344528,,
OH_10637,1,765306.572311469,1831945.39148093,,
OH_10637,2,765259.348065183,1831919.18656453,,
OH_10637,3,765219.80984241,1831896.7774666,,
OH_10637,4,765179.702635619,1831874.07674553,,
OH_10637,5,765136.75869295,1831849.06332259,,
OH_10637,6,765092.691124882,1831822.32785039,,
OH_10637,7,765049.758608601,1831796.46119739,,
OH_10637,8,765009.095265664,1831772.33005966,,
OH_10637,9,764970.439979424,1831749.3831083,,
OH_10637,10,764928.065354828,1831724.66177591,,
OH_10637,11,764894.792249658,1831705.17739208,,
OH_10638,1,764831.02165669,1831664.43494422,,
OH_10638,2,764795.58597347,1831634.46178712,,
OH_10638,3,764755.036983667,1831603.96375942,,
OH_10638,4,764714.841504819,1831602.79114796,,
OH_10639,1,764602.990022432,1834165.30922642,,
OH_10639,2,764598.505502369,1834220.17316509,,
OH_10639,3,764591.872524203,1834295.79259174,,
OH_10639,4,764581.20818589,1834360.53887386,,
OH_10639,5,764569.470214382,1834414.35997247,,
OH_10639,6,764497.778908626,1834428.42223752,,
OH_10639,7,764433.268806548,1834439.86839782,,
OH_10639,8,764388.746874898,1834448.01388998,,
OH_10639,9,764336.267380115,1834455.77014874,,
OH_10639,10,764288.232309666,1834462.7385449,,
OH_10639,11,764236.835522242,1834470.75741706,,
OH_10639,12,764186.031921258,1834483.85933107,,
OH_10639,13,764138.572605926,1834496.08691556,,
OH_10639,14,764092.846549146,1834507.87646625,,
OH_10639,15,764045.51132375,1834523.91579392,,
OH_10639,16,764000.383005106,1834538.49761062,,
OH_10639,17,763962.928350165,1834547.95456285,,
OH_10639,18,763908.281278951,1834543.27833163,,
OH_10639,19,763852.966011214,1834537.6296025,,
OH_10639,20,763799.072860392,1834532.50565571,,
OH_10639,21,763743.859566029,1834527.25486458,,
OH_10640,1,764623.713638784,1831571.16980135,,
OH_10640,2,764595.905018204,1831546.98557962,,
OH_10640,3,764562.127642736,1831518.9898448,,
OH_10640,4,764534.972616615,1831491.14770103,,
OH_10640,5,764506.836810772,1831461.51416968,,
OH_10640,6,764481.05547879,1831432.58624097,,
OH_10640,7,764455.62937591,1831403.87532421,,
OH_10640,8,764427.69392053,1831372.42963199,,
OH_10640,9,764402.298595148,1831343.62727987,,
OH_10640,10,764365.490634756,1831303.25870188,,
OH_10640,11,764327.334598461,1831261.50936804,,
OH_10640,12,764288.899144514,1831219.18767284,,
OH_10640,13,764250.729958966,1831178.57682692,,
OH_10640,14,764209.432933393,1831135.9344118,,
OH_10640,15,764172.684732287,1831096.19581873,,
OH_10640,16,764135.340902056,1831058.15745332,,
OH_10640,17,764097.334470651,1831027.51291633,,
OH_10640,18,764043.270998017,1830998.09489181,,
OH_10641,1,763938.622678006,1830957.20371576,,
OH_10641,2,763886.230792209,1830954.85199178,,
OH_10641,3,763842.431302372,1830952.60493694,,
OH_10641,4,763801.214266652,1830950.10504967,,
OH_10641,5,763749.971444404,1830947.48223216,,
OH_10641,6,763705.547365955,1830949.49839475,,
OH_10642,1,762970.912476865,1830782.31719344,,
OH_10642,2,763004.149482553,1830754.26866719,,
OH_10642,3,763032.311498675,1830731.96208371,,
OH_10642,4,763067.317218925,1830706.54494347,,
OH_10642,5,763107.660369776,1830673.82266259,,
OH_10642,6,763145.780000117,1830642.76602377,,
OH_10642,7,763189.311671702,1830610.08295553,,
OH_10642,8,763226.412764596,1830578.50671326,,
OH_10642,9,763254.368051757,1830550.21986989,,
OH_10642,10,763291.075921209,1830512.66104827,,
OH_10642,11,763331.769627179,1830473.18682856,,
OH_10642,12,763364.107574573,1830440.66775641,,
OH_10643,1,763437.085443032,1830372.93151833,,
OH_10643,2,763469.81028821,1830343.21628604,,
OH_10643,3,763513.227475105,1830303.77806949,,
OH_10643,4,763544.242654759,1830274.15166031,,
OH_10643,5,763580.151405188,1830237.38944918,,
OH_10643,6,763608.578232986,1830204.77412272,,
OH_10643,7,763638.96948162,1830166.12603714,,
OH_10643,8,763678.169723579,1830117.57244376,,
OH_10643,9,763709.560482648,1830072.08634272,,
OH_10643,10,763739.324054735,1830029.72925907,,
OH_10643,11,763768.372922579,1829990.68402087,,
OH_10643,12,763786.976443052,1829963.04233823,,
OH_10643,13,763804.384796948,1829936.98261517,,
OH_10643,14,763832.348405514,1829894.91805957,,
OH_10643,15,763857.589438099,1829857.24990083,,
OH_10643,16,763883.688648252,1829816.04936995,,
OH_10643,17,763906.671254033,1829774.25782033,,
OH_10643,18,763934.400800976,1829725.19925892,,
OH_10643,19,763965.791185583,1829682.53018544,,
OH_10643,20,763997.750917552,1829637.08343755,,
OH_10643,21,764022.257145885,1829598.40873653,,
OH_10643,22,764055.366362498,1829550.95114511,,
OH_10643,23,764080.836940254,1829507.33909712,,
OH_10643,24,764107.927699136,1829458.17879938,,
OH_10643,25,764136.679172634,1829402.34768057,,
OH_10644,1,764203.648070722,1829298.11004138,,
OH_10644,2,764236.855759275,1829265.99771787,,
OH_10644,3,764285.664207592,1829231.3880045,,
OH_10644,4,764326.302156189,1829201.105685,,
OH_10644,5,764355.513342765,1829179.43109675,,
OH_10644,6,764341.165420434,1829146.06955416,,
OH_10644,7,764323.466341334,1829101.75151565,,
OH_10644,8,764354.922107869,1829071.24649938,,
OH_10644,9,764383.291320708,1829048.565043,,
OH_10644,10,764420.156176584,1829023.50575254,,
OH_10644,11,764462.980934099,1828995.51272749,,
OH_10644,12,764500.414593196,1828965.30302253,,
OH_10644,13,764542.128269744,1828934.48161511,,
OH_10644,14,764578.862487053,1828909.13526386,,
OH_10644,15,764630.15660557,1828885.72438544,,
OH_10644,16,764681.548133316,1828862.12436701,,
OH_10644,17,764736.574361913,1828843.20305113,,
OH_10644,18,764781.353796451,1828832.35138661,,
OH_10644,19,764826.038578365,1828820.50112632,,
OH_10644,20,764879.347488771,1828810.86092507,,
OH_10644,21,764934.361262047,1828801.5729372,,
OH_10644,22,764988.653279831,1828790.17341298,,
OH_10644,23,765040.455221873,1828781.51273999,,
OH_10644,24,765102.067469875,1828776.46747403,,
CA_10658,1,765202.629702881,1829058.07177905,,
CA_10658,2,765257.658955353,1829057.92586722,,
OH_11387,1,763959.775901088,1831035.3393254,,
OH_11388,1,763057.994200628,1831170.91548303,,
OH_11389,1,762983.9110163,1830815.30808534,,
OH_11391,1,766539.959282452,1830664.65465931,,
BB_11472,1,767745.823409138,1833701.82377747,,
OH_11474,1,766337.400572671,1832263.65337816,,
OH_11474,2,766320.622670709,1832207.68444181,,
OH_11474,3,766357.976469885,1832206.90285197,,
OH_11508,1,766494.888088139,1832564.5880712,,
OH_11515,1,764187.616638295,1829370.35825548,,
OH_11544,1,765194.262406227,1828772.55952136,,
OH_11544,2,765248.566994813,1828775.1433039,,
OH_11544,3,765305.180090106,1828778.38885478,,
OH_11544,4,765338.985745781,1828781.43160312,,
OH_11547,1,767722.11110361,1833719.87205996,,
OH_11547,2,767728.196560849,1833780.63985946,,
OH_11547,3,767732.85933119,1833814.27281265,,
OH_11547,4,767738.38560956,1833868.25271022,,
OH_11547,5,767745.529635141,1833927.37507441,,
OH_11547,6,767748.364413027,1833969.94966833,,
OH_11547,7,767747.526806114,1834013.55352388,,
OH_11547,8,767736.367233013,1834069.55381887,,
OH_11547,9,767720.623971915,1834119.97817991,,
OH_11554,1,767668.856165551,1834162.1018755,,
OH_11554,2,767614.947794665,1834135.18582993,,
OH_11554,3,767565.340713554,1834105.66633273,,
OH_11554,4,767506.328228717,1834076.91532498,,
OH_11554,5,767464.628683203,1834055.57803811,,
OH_11554,6,767427.276006063,1834036.7308849,,
OH_11554,7,767394.159882506,1834018.28891379,,
OH_11554,8,767346.299365451,1833996.63349169,,
OH_11554,9,767319.661996318,1833983.4568561,,
OH_11554,10,767280.542716228,1833960.7125148,,
OH_11554,11,767246.198991722,1833940.24259176,,
OH_11565,1,764641.831583769,1831719.76742191,,
OH_11565,2,764633.189512877,1831786.88715602,,
OH_11565,3,764630.340263271,1831854.31321146,,
OH_11565,4,764627.651304876,1831930.8083638,,
OH_11572,1,766533.748091241,1832742.20739688,,
OH_11572,2,766523.583813697,1832713.0087841,,
OH_11572,3,766496.57128395,1832665.418291,,
OH_11572,4,766474.033572111,1832626.14263822,,
OH_11585,1,765352.042687997,1831969.96697974,,
OH_11585,2,765335.042999452,1832038.02960032,,
OH_11585,3,765318.867346261,1832093.85644915,,
OH_11585,4,765300.964821048,1832149.52009647,,
OH_11609,1,764392.271922602,1833138.72488219,,
OH_11609,2,764384.183521748,1833211.11637813,,
OH_11609,3,764376.290973541,1833279.6825466,,
OH_11609,4,764381.290244421,1833362.36458235,,
OH_11609,5,764401.97324615,1833425.73149972,,
OH_11609,6,764423.102854071,1833495.97121422,,
OH_11609,7,764446.222539328,1833569.44544095,,
OH_11609,8,764470.47536199,1833646.25544545,,
OH_11609,9,764494.658090632,1833720.0762987,,
OH_11609,10,764518.874663991,1833799.87431974,,
OH_11609,11,764541.995097429,1833873.1273307,,
OH_11609,12,764562.222318336,1833946.30923121,,
OH_11609,13,764589.645654686,1834026.73841393,,
OH_11619,1,766134.681288906,1828930.06502911,,
OH_11619,2,766192.615528738,1828944.60463955,,
OH_11619,3,766185.249964981,1828974.76466288,,
OH_11619,4,766177.604423332,1829007.72157341,,
OH_11619,5,766223.066371439,1829020.35830367,,
OH_11619,6,766273.342548862,1829034.87203673,,
OH_11619,7,766320.107588168,1829046.21536946,,
OH_11619,8,766362.433223198,1829056.74186272,,
OH_11619,9,766405.24007376,1829070.4833515,,
OH_11619,10,766411.01035966,1829118.73715318,,
OH_11619,11,766416.886869285,1829170.16910837,,
OH_11619,12,766424.087724914,1829226.74276564,,
