
[FUSE SETTING]
FORMAT_FUSESETTING=SectionID,Location,EqID,DeviceNumber,DeviceStage,Flags,InitFromEquipFlags,CoordX,CoordY,ClosedPhase,Locked,RC,NStatus,TCCID,PhPickup,GrdPickup,Alternate,PhAltPickup,GrdAltPickup,FromNodeID,FaultIndicator,Strategic,RestorationMode,ConnectionStatus,ByPassOnRestoration,Reversible

BB_5130,L,22 KV_400A,FU_2193,,0,0,0,0,7,0,0,0,0,0,0,0,0,0,,1,0,0,0,1,1
BB_4922,L,22 KV_400A,FU_2185,,0,0,0,0,7,0,0,0,0,0,0,0,0,0,,1,0,0,0,1,1
BB_5172,L,22 KV_400A,FU_2225,,0,0,0,0,7,0,0,0,0,0,0,0,0,0,,1,0,0,0,1,1
BB_5286,L,22 KV_400A,FU_2107,,0,0,0,0,7,0,0,0,0,0,0,0,0,0,,1,0,0,0,1,1
BB_4884,L,22 KV_400A,FU_1963,,0,0,0,0,7,0,0,0,0,0,0,0,0,0,,1,0,0,0,1,1
OH_4803,S,22 KV_400A,FU_1958,,0,0,0,0,7,0,0,0,0,0,0,0,0,0,,1,0,0,0,1,1
BB_4954,L,22 KV_400A,FU_1863,,0,0,0,0,7,0,0,0,0,0,0,0,0,0,,1,0,0,0,1,1
OH_4662,S,22 KV_400A,FU_2153,,0,0,0,0,7,0,0,0,0,0,0,0,0,0,,1,0,0,0,1,1
BB_5272,L,22 KV_400A,FU_2141,,0,0,0,0,7,0,0,0,0,0,0,0,0,0,,1,0,0,0,1,1
BB_5306,L,22 KV_400A,FU_2241,,0,0,0,0,7,0,0,0,0,0,0,0,0,0,,1,0,0,0,1,1
OH_5539,L,22 KV_400A,FU_2160,,0,0,0,0,7,0,0,0,0,0,0,0,0,0,,1,0,0,0,1,1
BB_5044,L,22 KV_400A,FU_2123,,0,0,0,0,7,0,0,0,0,0,0,0,0,0,,1,0,0,0,1,1
OH_4790,S,22 KV_400A,FU_2146,,0,0,0,0,7,0,0,0,0,0,0,0,0,0,,1,0,0,0,1,1
BB_5280,L,22 KV_400A,FU_1988,,0,0,0,0,7,0,0,0,0,0,0,0,0,0,,1,0,0,0,1,1
BB_5188,L,22 KV_400A,FU_2187,,0,0,0,0,7,0,0,0,0,0,0,0,0,0,,1,0,0,0,1,1
BB_5006,L,22 KV_400A,FU_2108,,0,0,0,0,7,0,0,0,0,0,0,0,0,0,,1,0,0,0,1,1
BB_4920,L,22 KV_400A,FU_2095,,0,0,0,0,7,0,0,0,0,0,0,0,0,0,,1,0,0,0,1,1
BB_5230,L,22 KV_400A,FU_2135,,0,0,0,0,7,0,0,0,0,0,0,0,0,0,,1,0,0,0,1,1
BB_5042,L,22 KV_400A,FU_2114,,0,0,0,0,7,0,0,0,0,0,0,0,0,0,,1,0,0,0,1,1
BB_4948,L,22 KV_400A,FU_2252,,0,0,0,0,7,0,0,0,0,0,0,0,0,0,,1,0,0,0,1,1
BB_5232,L,22 KV_400A,FU_2264,,0,0,0,0,7,0,0,0,0,0,0,0,0,0,,1,0,0,0,1,1
OH_4798,S,22 KV_400A,FU_2147,,0,0,0,0,7,0,0,0,0,0,0,0,0,0,,1,0,0,0,1,1
BB_5274,L,22 KV_400A,FU_2016,,0,0,0,0,7,0,0,0,0,0,0,0,0,0,,1,0,0,0,1,1
BB_5058,L,22 KV_400A,FU_2164,,0,0,0,0,7,0,0,0,0,0,0,0,0,0,,1,0,0,0,1,1
BB_4924,L,22 KV_400A,FU_2128,,0,0,0,0,7,0,0,0,0,0,0,0,0,0,,1,0,0,0,1,1
BB_5324,L,22 KV_400A,FU_2125,,0,0,0,0,7,0,0,0,0,0,0,0,0,0,,1,0,0,0,1,1
BB_5194,L,22 KV_400A,FU_2068,,0,0,0,0,7,0,0,0,0,0,0,0,0,0,,1,0,0,0,1,1
BB_5076,L,22 KV_400A,FU_1927,,0,0,0,0,7,0,0,0,0,0,0,0,0,0,,1,0,0,0,1,1
BB_5250,L,22 KV_400A,FU_2177,,0,0,0,0,7,0,0,0,0,0,0,0,0,0,,1,0,0,0,1,1
BB_5236,L,22 KV_400A,FU_2115,,0,0,0,0,7,0,0,0,0,0,0,0,0,0,,1,0,0,0,1,1
BB_5116,L,22 KV_400A,FU_2261,,0,0,0,0,7,0,0,0,0,0,0,0,0,0,,1,0,0,0,1,1
OH_4789,S,22 KV_400A,FU_1870,,0,0,0,0,7,0,0,0,0,0,0,0,0,0,,1,0,0,0,1,1
BB_4914,L,22 KV_400A,FU_2247,,0,0,0,0,7,0,0,0,0,0,0,0,0,0,,1,0,0,0,1,1
BB_4990,L,22 KV_400A,FU_2082,,0,0,0,0,7,0,0,0,0,0,0,0,0,0,,1,0,0,0,1,1
BB_5112,L,22 KV_400A,FU_1827,,0,0,0,0,7,0,0,0,0,0,0,0,0,0,,1,0,0,0,1,1
BB_5106,L,22 KV_400A,FU_2189,,0,0,0,0,7,0,0,0,0,0,0,0,0,0,,1,0,0,0,1,1
OH_5531,L,22 KV_400A,FU_1944,,0,0,0,0,7,0,0,0,0,0,0,0,0,0,,1,0,0,0,1,1
BB_5012,L,22 KV_400A,FU_2116,,0,0,0,0,7,0,0,0,0,0,0,0,0,0,,1,0,0,0,1,1
BB_5244,L,22 KV_400A,FU_2136,,0,0,0,0,7,0,0,0,0,0,0,0,0,0,,1,0,0,0,1,1
BB_5320,L,22 KV_400A,FU_2244,,0,0,0,0,7,0,0,0,0,0,0,0,0,0,,1,0,0,0,1,1
BB_5026,L,22 KV_400A,FU_2070,,0,0,0,0,7,0,0,0,0,0,0,0,0,0,,1,0,0,0,1,1
BB_4926,L,22 KV_400A,FU_1981,,0,0,0,0,7,0,0,0,0,0,0,0,0,0,,1,0,0,0,1,1
BB_5096,L,22 KV_400A,FU_2202,,0,0,0,0,7,0,0,0,0,0,0,0,0,0,,1,0,0,0,1,1
BB_5290,L,22 KV_400A,FU_2186,,0,0,0,0,7,0,0,0,0,0,0,0,0,0,,1,0,0,0,1,1
BB_5062,L,22 KV_400A,FU_1937,,0,0,0,0,7,0,0,0,0,0,0,0,0,0,,1,0,0,0,1,1
BB_5304,L,22 KV_400A,FU_2161,,0,0,0,0,7,0,0,0,0,0,0,0,0,0,,1,0,0,0,1,1
BB_5214,L,22 KV_400A,FU_2174,,0,0,0,0,7,0,0,0,0,0,0,0,0,0,,1,0,0,0,1,1
BB_5298,L,22 KV_400A,FU_1915,,0,0,0,0,7,0,0,0,0,0,0,0,0,0,,1,0,0,0,1,1
OH_4799,S,22 KV_400A,FU_1975,,0,0,0,0,7,0,0,0,0,0,0,0,0,0,,1,0,0,0,1,1
OH_5397,L,22 KV_400A,FU_1859,,0,0,0,0,7,0,0,0,0,0,0,0,0,0,,1,0,0,0,1,1
BB_5080,L,22 KV_400A,FU_2118,,0,0,0,0,7,0,0,0,0,0,0,0,0,0,,1,0,0,0,1,1
BB_5168,L,22 KV_400A,FU_2166,,0,0,0,0,7,0,0,0,0,0,0,0,0,0,,1,0,0,0,1,1
BB_5024,L,22 KV_400A,FU_1973,,0,0,0,0,7,0,0,0,0,0,0,0,0,0,,1,0,0,0,1,1
BB_5354,L,22 KV_400A,FU_1994,,0,0,0,0,7,0,0,0,0,0,0,0,0,0,,1,0,0,0,1,1
BB_4866,L,22 KV_400A,FU_1967,,0,0,0,0,7,0,0,0,0,0,0,0,0,0,,1,0,0,0,1,1
BB_4894,L,22 KV_400A,FU_1875,,0,0,0,0,7,0,0,0,0,0,0,0,0,0,,1,0,0,0,1,1
BB_5022,L,22 KV_400A,FU_2105,,0,0,0,0,7,0,0,0,0,0,0,0,0,0,,1,0,0,0,1,1
OH_4791,S,22 KV_400A,FU_1969,,0,0,0,0,7,0,0,0,0,0,0,0,0,0,,1,0,0,0,1,1
BB_5314,L,22 KV_400A,FU_2099,,0,0,0,0,7,0,0,0,0,0,0,0,0,0,,1,0,0,0,1,1
BB_4930,L,22 KV_400A,FU_2075,,0,0,0,0,7,0,0,0,0,0,0,0,0,0,,1,0,0,0,1,1
BB_5016,L,22 KV_400A,FU_2129,,0,0,0,0,7,0,0,0,0,0,0,0,0,0,,1,0,0,0,1,1
OH_5581,L,22 KV_400A,FU_1934,,0,0,0,0,7,0,0,0,0,0,0,0,0,0,,1,0,0,0,1,1
BB_5038,L,22 KV_400A,FU_1942,,0,0,0,0,7,0,0,0,0,0,0,0,0,0,,1,0,0,0,1,1
BB_4934,L,22 KV_400A,FU_2126,,0,0,0,0,7,0,0,0,0,0,0,0,0,0,,1,0,0,0,1,1
BB_5338,L,22 KV_400A,FU_2138,,0,0,0,0,7,0,0,0,0,0,0,0,0,0,,1,0,0,0,1,1
BB_5184,L,22 KV_400A,FU_2170,,0,0,0,0,7,0,0,0,0,0,0,0,0,0,,1,0,0,0,1,1
BB_5246,L,22 KV_400A,FU_2192,,0,0,0,0,7,0,0,0,0,0,0,0,0,0,,1,0,0,0,1,1
OH_5541,L,22 KV_400A,FU_2074,,0,0,0,0,7,0,0,0,0,0,0,0,0,0,,1,0,0,0,1,1
BB_5336,L,22 KV_400A,FU_1881,,0,0,0,0,7,0,0,0,0,0,0,0,0,0,,1,0,0,0,1,1
BB_5294,L,22 KV_400A,FU_1909,,0,0,0,0,7,0,0,0,0,0,0,0,0,0,,1,0,0,0,1,1
BB_4906,L,22 KV_400A,FU_2067,,0,0,0,0,7,0,0,0,0,0,0,0,0,0,,1,0,0,0,1,1
OH_4846,S,22 KV_400A,FU_1961,,0,0,0,0,7,0,0,0,0,0,0,0,0,0,,1,0,0,0,1,1
BB_5140,L,22 KV_400A,FU_1916,,0,0,0,0,7,0,0,0,0,0,0,0,0,0,,1,0,0,0,1,1
BB_4910,L,22 KV_400A,FU_2071,,0,0,0,0,7,0,0,0,0,0,0,0,0,0,,1,0,0,0,1,1
BB_5310,L,22 KV_400A,FU_2173,,0,0,0,0,7,0,0,0,0,0,0,0,0,0,,1,0,0,0,1,1
BB_5124,L,22 KV_400A,FU_1955,,0,0,0,0,7,0,0,0,0,0,0,0,0,0,,1,0,0,0,1,1
BB_4940,L,22 KV_400A,FU_2188,,0,0,0,0,7,0,0,0,0,0,0,0,0,0,,1,0,0,0,1,1
BB_5180,L,22 KV_400A,FU_1843,,0,0,0,0,7,0,0,0,0,0,0,0,0,0,,1,0,0,0,1,1
BB_4974,L,22 KV_400A,FU_2106,,0,0,0,0,7,0,0,0,0,0,0,0,0,0,,1,0,0,0,1,1
OH_5447,S,22 KV_400A,FU_1968,,0,0,0,0,7,0,0,0,0,0,0,0,0,0,,1,0,0,0,1,1
BB_5176,L,22 KV_400A,FU_2165,,0,0,0,0,7,0,0,0,0,0,0,0,0,0,,1,0,0,0,1,1
OH_4784,S,22 KV_400A,FU_2089,,0,0,0,0,7,0,0,0,0,0,0,0,0,0,,1,0,0,0,1,1
BB_4868,L,22 KV_400A,FU_2226,,0,0,0,0,7,0,0,0,0,0,0,0,0,0,,1,0,0,0,1,1
BB_5040,L,22 KV_400A,FU_1917,,0,0,0,0,7,0,0,0,0,0,0,0,0,0,,1,0,0,0,1,1
BB_5228,L,22 KV_400A,FU_2133,,0,0,0,0,7,0,0,0,0,0,0,0,0,0,,1,0,0,0,1,1
OH_4674,S,22 KV_400A,FU_1883,,0,0,0,0,7,0,0,0,0,0,0,0,0,0,,1,0,0,0,1,1
OH_4796,S,22 KV_400A,FU_1970,,0,0,0,0,7,0,0,0,0,0,0,0,0,0,,1,0,0,0,1,1
BB_5086,L,22 KV_400A,FU_2047,,0,0,0,0,7,0,0,0,0,0,0,0,0,0,,1,0,0,0,1,1
BB_4960,L,22 KV_400A,FU_2094,,0,0,0,0,7,0,0,0,0,0,0,0,0,0,,1,0,0,0,1,1
BB_5318,L,22 KV_400A,FU_2155,,0,0,0,0,7,0,0,0,0,0,0,0,0,0,,1,0,0,0,1,1
BB_5034,L,22 KV_400A,FU_1816,,0,0,0,0,7,0,0,0,0,0,0,0,0,0,,1,0,0,0,1,1
OH_4797,S,22 KV_400A,FU_1974,,0,0,0,0,7,0,0,0,0,0,0,0,0,0,,1,0,0,0,1,1
OH_5517,L,22 KV_400A,FU_1971,,0,0,0,0,7,0,0,0,0,0,0,0,0,0,,1,0,0,0,1,1
BB_5004,L,22 KV_400A,FU_2203,,0,0,0,0,7,0,0,0,0,0,0,0,0,0,,1,0,0,0,1,1
BB_11250,L,22 KV_400A,FU_3868,,0,0,0,0,7,0,0,0,0,0,0,0,0,0,,1,0,0,0,1,1
BB_10766,L,22 KV_400A,FU_4212,,0,0,0,0,7,0,0,0,0,0,0,0,0,0,,1,0,0,0,1,1
OH_10445,S,22 KV_400A,FU_3968,,0,0,0,0,7,0,0,0,0,0,0,0,0,0,,1,0,0,0,1,1
OH_10642,S,22 KV_400A,FU_3924,,0,0,0,0,7,0,0,0,0,0,0,0,0,0,,1,0,0,0,1,1
BB_11212,L,22 KV_400A,FU_3828,,0,0,0,0,7,0,0,0,0,0,0,0,0,0,,1,0,0,0,1,1
BB_11060,L,22 KV_400A,FU_3843,,0,0,0,0,7,0,0,0,0,0,0,0,0,0,,1,0,0,0,1,1
CA_10658,S,22 KV_400A,FU_4036,,0,0,0,0,7,0,0,0,0,0,0,0,0,0,,1,0,0,0,1,1
BB_11118,L,22 KV_400A,FU_3931,,0,0,0,0,7,0,0,0,0,0,0,0,0,0,,1,0,0,0,1,1
BB_10726,L,22 KV_400A,FU_3992,,0,0,0,0,7,0,0,0,0,0,0,0,0,0,,1,0,0,0,1,1
BB_11178,L,22 KV_400A,FU_4160,,0,0,0,0,7,0,0,0,0,0,0,0,0,0,,1,0,0,0,1,1
BB_10908,L,22 KV_400A,FU_3786,,0,0,0,0,7,0,0,0,0,0,0,0,0,0,,1,0,0,0,1,1
BB_11082,L,22 KV_400A,FU_3775,,0,0,0,0,7,0,0,0,0,0,0,0,0,0,,1,0,0,0,1,1
BB_10862,L,22 KV_400A,FU_3928,,0,0,0,0,7,0,0,0,0,0,0,0,0,0,,1,0,0,0,1,1
BB_11138,L,22 KV_400A,FU_4125,,0,0,0,0,7,0,0,0,0,0,0,0,0,0,,1,0,0,0,1,1
BB_11134,L,22 KV_400A,FU_3779,,0,0,0,0,7,0,0,0,0,0,0,0,0,0,,1,0,0,0,1,1
BB_11074,L,22 KV_400A,FU_4045,,0,0,0,0,7,0,0,0,0,0,0,0,0,0,,1,0,0,0,1,1
BB_11290,L,22 KV_400A,FU_4140,,0,0,0,0,7,0,0,0,0,0,0,0,0,0,,1,0,0,0,1,1
BB_10756,L,22 KV_400A,FU_4100,,0,0,0,0,7,0,0,0,0,0,0,0,0,0,,1,0,0,0,1,1
BB_10836,L,22 KV_400A,FU_3838,,0,0,0,0,7,0,0,0,0,0,0,0,0,0,,1,0,0,0,1,1
OH_10395,S,22 KV_400A,FU_3981,,0,0,0,0,7,0,0,0,0,0,0,0,0,0,,1,0,0,0,1,1
BB_11120,L,22 KV_400A,FU_3999,,0,0,0,0,7,0,0,0,0,0,0,0,0,0,,1,0,0,0,1,1
BB_10924,L,22 KV_400A,FU_4204,,0,0,0,0,7,0,0,0,0,0,0,0,0,0,,1,0,0,0,1,1
BB_10770,L,22 KV_400A,FU_3781,,0,0,0,0,7,0,0,0,0,0,0,0,0,0,,1,0,0,0,1,1
OH_10450,S,22 KV_400A,FU_4017,,0,0,0,0,7,0,0,0,0,0,0,0,0,0,,1,0,0,0,1,1
BB_10968,L,22 KV_400A,FU_4063,,0,0,0,0,7,0,0,0,0,0,0,0,0,0,,1,0,0,0,1,1
BB_10792,L,22 KV_400A,FU_3784,,0,0,0,0,7,0,0,0,0,0,0,0,0,0,,1,0,0,0,1,1
BB_10986,L,22 KV_400A,FU_4029,,0,0,0,0,7,0,0,0,0,0,0,0,0,0,,1,0,0,0,1,1
OH_10411,S,22 KV_400A,FU_3896,,0,0,0,0,7,0,0,0,0,0,0,0,0,0,,1,0,0,0,1,1
OH_10392,S,22 KV_400A,FU_3873,,0,0,0,0,7,0,0,0,0,0,0,0,0,0,,1,0,0,0,1,1
BB_10878,L,22 KV_400A,FU_4069,,0,0,0,0,7,0,0,0,0,0,0,0,0,0,,1,0,0,0,1,1
BB_10704,L,22 KV_400A,FU_3865,,0,0,0,0,7,0,0,0,0,0,0,0,0,0,,1,0,0,0,1,1
BB_10916,L,22 KV_400A,FU_3951,,0,0,0,0,7,0,0,0,0,0,0,0,0,0,,1,0,0,0,1,1
BB_10910,L,22 KV_400A,FU_4053,,0,0,0,0,7,0,0,0,0,0,0,0,0,0,,1,0,0,0,1,1
OH_11475,L,22 KV_400A,FU_3831,,0,0,0,0,7,0,0,0,0,0,0,0,0,0,,1,0,0,0,1,1
BB_10976,L,22 KV_400A,FU_3829,,0,0,0,0,7,0,0,0,0,0,0,0,0,0,,1,0,0,0,1,1
BB_11170,L,22 KV_400A,FU_3867,,0,0,0,0,7,0,0,0,0,0,0,0,0,0,,1,0,0,0,1,1
BB_10808,L,22 KV_400A,FU_3778,,0,0,0,0,7,0,0,0,0,0,0,0,0,0,,1,0,0,0,1,1
BB_10834,L,22 KV_400A,FU_4008,,0,0,0,0,7,0,0,0,0,0,0,0,0,0,,1,0,0,0,1,1
BB_10712,L,22 KV_400A,FU_3956,,0,0,0,0,7,0,0,0,0,0,0,0,0,0,,1,0,0,0,1,1
OH_10377,S,22 KV_400A,FU_3974,,0,0,0,0,7,0,0,0,0,0,0,0,0,0,,1,0,0,0,1,1
BB_11158,L,22 KV_0A,FU_3790,,0,0,0,0,7,0,0,0,0,0,0,0,0,0,,1,0,0,0,1,1
OH_4711,S,22 KV_0A,FU_1854,,0,0,0,0,7,0,0,0,0,0,0,0,0,0,,1,0,0,0,1,1
OH_5615,L,22 KV_0A,FU_1853,,0,0,0,0,7,0,0,0,0,0,0,0,0,0,,1,0,0,0,1,1
OH_4785,S,22 KV_0A,FU_1855,,0,0,0,0,7,0,0,0,0,0,0,0,0,0,,1,0,0,0,1,1
OH_5614,L,22 KV_0A,FU_1845,,0,0,0,0,7,0,0,0,0,0,0,0,0,0,,1,0,0,0,1,1
CA_5446,S,22 KV_0A,FU_1846,,0,0,0,0,7,0,0,0,0,0,0,0,0,0,,1,0,0,0,1,1
BB_4914,L,22 KV_100A,FU_2247,,0,0,0,0,7,0,0,0,0,0,0,0,0,0,,1,0,0,0,1,1
BB_5236,L,22 KV_100A,FU_2115,,0,0,0,0,7,0,0,0,0,0,0,0,0,0,,1,0,0,0,1,1
BB_4940,L,22 KV_100A,FU_2188,,0,0,0,0,7,0,0,0,0,0,0,0,0,0,,1,0,0,0,1,1
BB_5228,L,22 KV_100A,FU_2133,,0,0,0,0,7,0,0,0,0,0,0,0,0,0,,1,0,0,0,1,1
OH_5614,L,22 KV_100A,FU_1845,,0,0,0,0,7,0,0,0,0,0,0,0,0,0,,1,0,0,0,1,1
BB_5026,L,22 KV_100A,FU_2070,,0,0,0,0,7,0,0,0,0,0,0,0,0,0,,1,0,0,0,1,1
BB_5058,L,22 KV_100A,FU_2164,,0,0,0,0,7,0,0,0,0,0,0,0,0,0,,1,0,0,0,1,1
OH_4846,S,22 KV_100A,FU_1961,,0,0,0,0,7,0,0,0,0,0,0,0,0,0,,1,0,0,0,1,1
BB_5236,L,22 KV_100A,FU_2115,,0,0,0,0,7,0,0,0,0,0,0,0,0,0,,1,0,0,0,1,1
BB_5246,L,22 KV_100A,FU_2192,,0,0,0,0,7,0,0,0,0,0,0,0,0,0,,1,0,0,0,1,1
BB_5294,L,22 KV_100A,FU_1909,,0,0,0,0,7,0,0,0,0,0,0,0,0,0,,1,0,0,0,1,1
BB_4960,L,22 KV_100A,FU_2094,,0,0,0,0,7,0,0,0,0,0,0,0,0,0,,1,0,0,0,1,1
OH_4790,S,22 KV_100A,FU_2146,,0,0,0,0,7,0,0,0,0,0,0,0,0,0,,1,0,0,0,1,1
BB_5294,L,22 KV_100A,FU_1909,,0,0,0,0,7,0,0,0,0,0,0,0,0,0,,1,0,0,0,1,1
BB_5354,L,22 KV_100A,FU_1994,,0,0,0,0,7,0,0,0,0,0,0,0,0,0,,1,0,0,0,1,1
BB_5124,L,22 KV_100A,FU_1955,,0,0,0,0,7,0,0,0,0,0,0,0,0,0,,1,0,0,0,1,1
OH_4789,S,22 KV_100A,FU_1870,,0,0,0,0,7,0,0,0,0,0,0,0,0,0,,1,0,0,0,1,1
BB_5290,L,22 KV_100A,FU_2186,,0,0,0,0,7,0,0,0,0,0,0,0,0,0,,1,0,0,0,1,1
BB_5024,L,22 KV_100A,FU_1973,,0,0,0,0,7,0,0,0,0,0,0,0,0,0,,1,0,0,0,1,1
BB_5040,L,22 KV_100A,FU_1917,,0,0,0,0,7,0,0,0,0,0,0,0,0,0,,1,0,0,0,1,1
BB_5034,L,22 KV_100A,FU_1816,,0,0,0,0,7,0,0,0,0,0,0,0,0,0,,1,0,0,0,1,1
BB_5058,L,22 KV_100A,FU_2164,,0,0,0,0,7,0,0,0,0,0,0,0,0,0,,1,0,0,0,1,1
BB_5112,L,22 KV_100A,FU_1827,,0,0,0,0,7,0,0,0,0,0,0,0,0,0,,1,0,0,0,1,1
BB_5124,L,22 KV_100A,FU_1955,,0,0,0,0,7,0,0,0,0,0,0,0,0,0,,1,0,0,0,1,1
BB_4924,L,22 KV_100A,FU_2128,,0,0,0,0,7,0,0,0,0,0,0,0,0,0,,1,0,0,0,1,1
BB_5324,L,22 KV_100A,FU_2125,,0,0,0,0,7,0,0,0,0,0,0,0,0,0,,1,0,0,0,1,1
BB_5338,L,22 KV_100A,FU_2138,,0,0,0,0,7,0,0,0,0,0,0,0,0,0,,1,0,0,0,1,1
BB_5246,L,22 KV_100A,FU_2192,,0,0,0,0,7,0,0,0,0,0,0,0,0,0,,1,0,0,0,1,1
BB_5022,L,22 KV_100A,FU_2105,,0,0,0,0,7,0,0,0,0,0,0,0,0,0,,1,0,0,0,1,1
OH_5447,S,22 KV_100A,FU_1968,,0,0,0,0,7,0,0,0,0,0,0,0,0,0,,1,0,0,0,1,1
OH_5517,L,22 KV_100A,FU_1971,,0,0,0,0,7,0,0,0,0,0,0,0,0,0,,1,0,0,0,1,1
BB_4926,L,22 KV_100A,FU_1981,,0,0,0,0,7,0,0,0,0,0,0,0,0,0,,1,0,0,0,1,1
BB_5116,L,22 KV_100A,FU_2261,,0,0,0,0,7,0,0,0,0,0,0,0,0,0,,1,0,0,0,1,1
BB_5176,L,22 KV_100A,FU_2165,,0,0,0,0,7,0,0,0,0,0,0,0,0,0,,1,0,0,0,1,1
BB_4926,L,22 KV_100A,FU_1981,,0,0,0,0,7,0,0,0,0,0,0,0,0,0,,1,0,0,0,1,1
BB_4974,L,22 KV_100A,FU_2106,,0,0,0,0,7,0,0,0,0,0,0,0,0,0,,1,0,0,0,1,1
BB_5320,L,22 KV_100A,FU_2244,,0,0,0,0,7,0,0,0,0,0,0,0,0,0,,1,0,0,0,1,1
BB_4920,L,22 KV_100A,FU_2095,,0,0,0,0,7,0,0,0,0,0,0,0,0,0,,1,0,0,0,1,1
OH_4789,S,22 KV_100A,FU_1870,,0,0,0,0,7,0,0,0,0,0,0,0,0,0,,1,0,0,0,1,1
BB_5006,L,22 KV_100A,FU_2108,,0,0,0,0,7,0,0,0,0,0,0,0,0,0,,1,0,0,0,1,1
OH_5614,L,22 KV_100A,FU_1845,,0,0,0,0,7,0,0,0,0,0,0,0,0,0,,1,0,0,0,1,1
OH_4791,S,22 KV_100A,FU_1969,,0,0,0,0,7,0,0,0,0,0,0,0,0,0,,1,0,0,0,1,1
BB_5024,L,22 KV_100A,FU_1973,,0,0,0,0,7,0,0,0,0,0,0,0,0,0,,1,0,0,0,1,1
BB_5324,L,22 KV_100A,FU_2125,,0,0,0,0,7,0,0,0,0,0,0,0,0,0,,1,0,0,0,1,1
BB_5176,L,22 KV_100A,FU_2165,,0,0,0,0,7,0,0,0,0,0,0,0,0,0,,1,0,0,0,1,1
OH_4798,S,22 KV_100A,FU_2147,,0,0,0,0,7,0,0,0,0,0,0,0,0,0,,1,0,0,0,1,1
BB_4894,L,22 KV_100A,FU_1875,,0,0,0,0,7,0,0,0,0,0,0,0,0,0,,1,0,0,0,1,1
OH_4796,S,22 KV_100A,FU_1970,,0,0,0,0,7,0,0,0,0,0,0,0,0,0,,1,0,0,0,1,1
BB_5062,L,22 KV_100A,FU_1937,,0,0,0,0,7,0,0,0,0,0,0,0,0,0,,1,0,0,0,1,1
OH_4711,S,22 KV_100A,FU_1854,,0,0,0,0,7,0,0,0,0,0,0,0,0,0,,1,0,0,0,1,1
BB_4910,L,22 KV_100A,FU_2071,,0,0,0,0,7,0,0,0,0,0,0,0,0,0,,1,0,0,0,1,1
BB_5214,L,22 KV_100A,FU_2174,,0,0,0,0,7,0,0,0,0,0,0,0,0,0,,1,0,0,0,1,1
BB_4930,L,22 KV_100A,FU_2075,,0,0,0,0,7,0,0,0,0,0,0,0,0,0,,1,0,0,0,1,1
OH_4846,S,22 KV_100A,FU_1961,,0,0,0,0,7,0,0,0,0,0,0,0,0,0,,1,0,0,0,1,1
BB_5112,L,22 KV_100A,FU_1827,,0,0,0,0,7,0,0,0,0,0,0,0,0,0,,1,0,0,0,1,1
BB_4934,L,22 KV_100A,FU_2126,,0,0,0,0,7,0,0,0,0,0,0,0,0,0,,1,0,0,0,1,1
BB_5026,L,22 KV_100A,FU_2070,,0,0,0,0,7,0,0,0,0,0,0,0,0,0,,1,0,0,0,1,1
BB_5042,L,22 KV_100A,FU_2114,,0,0,0,0,7,0,0,0,0,0,0,0,0,0,,1,0,0,0,1,1
BB_5228,L,22 KV_100A,FU_2133,,0,0,0,0,7,0,0,0,0,0,0,0,0,0,,1,0,0,0,1,1
BB_5304,L,22 KV_100A,FU_2161,,0,0,0,0,7,0,0,0,0,0,0,0,0,0,,1,0,0,0,1,1
BB_5086,L,22 KV_100A,FU_2047,,0,0,0,0,7,0,0,0,0,0,0,0,0,0,,1,0,0,0,1,1
BB_5044,L,22 KV_100A,FU_2123,,0,0,0,0,7,0,0,0,0,0,0,0,0,0,,1,0,0,0,1,1
OH_4799,S,22 KV_100A,FU_1975,,0,0,0,0,7,0,0,0,0,0,0,0,0,0,,1,0,0,0,1,1
BB_5314,L,22 KV_100A,FU_2099,,0,0,0,0,7,0,0,0,0,0,0,0,0,0,,1,0,0,0,1,1
BB_5188,L,22 KV_100A,FU_2187,,0,0,0,0,7,0,0,0,0,0,0,0,0,0,,1,0,0,0,1,1
BB_5244,L,22 KV_100A,FU_2136,,0,0,0,0,7,0,0,0,0,0,0,0,0,0,,1,0,0,0,1,1
BB_5076,L,22 KV_100A,FU_1927,,0,0,0,0,7,0,0,0,0,0,0,0,0,0,,1,0,0,0,1,1
BB_4924,L,22 KV_100A,FU_2128,,0,0,0,0,7,0,0,0,0,0,0,0,0,0,,1,0,0,0,1,1
BB_5250,L,22 KV_100A,FU_2177,,0,0,0,0,7,0,0,0,0,0,0,0,0,0,,1,0,0,0,1,1
BB_5076,L,22 KV_100A,FU_1927,,0,0,0,0,7,0,0,0,0,0,0,0,0,0,,1,0,0,0,1,1
BB_5246,L,22 KV_100A,FU_2192,,0,0,0,0,7,0,0,0,0,0,0,0,0,0,,1,0,0,0,1,1
OH_4799,S,22 KV_100A,FU_1975,,0,0,0,0,7,0,0,0,0,0,0,0,0,0,,1,0,0,0,1,1
OH_4798,S,22 KV_100A,FU_2147,,0,0,0,0,7,0,0,0,0,0,0,0,0,0,,1,0,0,0,1,1
BB_5006,L,22 KV_100A,FU_2108,,0,0,0,0,7,0,0,0,0,0,0,0,0,0,,1,0,0,0,1,1
BB_5230,L,22 KV_100A,FU_2135,,0,0,0,0,7,0,0,0,0,0,0,0,0,0,,1,0,0,0,1,1
BB_5320,L,22 KV_100A,FU_2244,,0,0,0,0,7,0,0,0,0,0,0,0,0,0,,1,0,0,0,1,1
OH_4711,S,22 KV_100A,FU_1854,,0,0,0,0,7,0,0,0,0,0,0,0,0,0,,1,0,0,0,1,1
BB_4868,L,22 KV_100A,FU_2226,,0,0,0,0,7,0,0,0,0,0,0,0,0,0,,1,0,0,0,1,1
BB_4866,L,22 KV_100A,FU_1967,,0,0,0,0,7,0,0,0,0,0,0,0,0,0,,1,0,0,0,1,1
BB_5172,L,22 KV_100A,FU_2225,,0,0,0,0,7,0,0,0,0,0,0,0,0,0,,1,0,0,0,1,1
BB_5080,L,22 KV_100A,FU_2118,,0,0,0,0,7,0,0,0,0,0,0,0,0,0,,1,0,0,0,1,1
BB_5004,L,22 KV_100A,FU_2203,,0,0,0,0,7,0,0,0,0,0,0,0,0,0,,1,0,0,0,1,1
BB_4990,L,22 KV_100A,FU_2082,,0,0,0,0,7,0,0,0,0,0,0,0,0,0,,1,0,0,0,1,1
BB_4940,L,22 KV_100A,FU_2188,,0,0,0,0,7,0,0,0,0,0,0,0,0,0,,1,0,0,0,1,1
BB_4940,L,22 KV_100A,FU_2188,,0,0,0,0,7,0,0,0,0,0,0,0,0,0,,1,0,0,0,1,1
BB_4924,L,22 KV_100A,FU_2128,,0,0,0,0,7,0,0,0,0,0,0,0,0,0,,1,0,0,0,1,1
OH_4789,S,22 KV_100A,FU_1870,,0,0,0,0,7,0,0,0,0,0,0,0,0,0,,1,0,0,0,1,1
BB_5184,L,22 KV_100A,FU_2170,,0,0,0,0,7,0,0,0,0,0,0,0,0,0,,1,0,0,0,1,1
BB_5022,L,22 KV_100A,FU_2105,,0,0,0,0,7,0,0,0,0,0,0,0,0,0,,1,0,0,0,1,1
BB_5228,L,22 KV_100A,FU_2133,,0,0,0,0,7,0,0,0,0,0,0,0,0,0,,1,0,0,0,1,1
OH_4803,S,22 KV_100A,FU_1958,,0,0,0,0,7,0,0,0,0,0,0,0,0,0,,1,0,0,0,1,1
BB_5024,L,22 KV_100A,FU_1973,,0,0,0,0,7,0,0,0,0,0,0,0,0,0,,1,0,0,0,1,1
BB_5232,L,22 KV_100A,FU_2264,,0,0,0,0,7,0,0,0,0,0,0,0,0,0,,1,0,0,0,1,1
BB_5244,L,22 KV_100A,FU_2136,,0,0,0,0,7,0,0,0,0,0,0,0,0,0,,1,0,0,0,1,1
BB_5176,L,22 KV_100A,FU_2165,,0,0,0,0,7,0,0,0,0,0,0,0,0,0,,1,0,0,0,1,1
BB_5044,L,22 KV_100A,FU_2123,,0,0,0,0,7,0,0,0,0,0,0,0,0,0,,1,0,0,0,1,1
BB_5194,L,22 KV_100A,FU_2068,,0,0,0,0,7,0,0,0,0,0,0,0,0,0,,1,0,0,0,1,1
BB_4910,L,22 KV_100A,FU_2071,,0,0,0,0,7,0,0,0,0,0,0,0,0,0,,1,0,0,0,1,1
BB_4954,L,22 KV_100A,FU_1863,,0,0,0,0,7,0,0,0,0,0,0,0,0,0,,1,0,0,0,1,1
BB_5314,L,22 KV_100A,FU_2099,,0,0,0,0,7,0,0,0,0,0,0,0,0,0,,1,0,0,0,1,1
BB_4926,L,22 KV_100A,FU_1981,,0,0,0,0,7,0,0,0,0,0,0,0,0,0,,1,0,0,0,1,1
BB_4922,L,22 KV_100A,FU_2185,,0,0,0,0,7,0,0,0,0,0,0,0,0,0,,1,0,0,0,1,1
OH_4790,S,22 KV_100A,FU_2146,,0,0,0,0,7,0,0,0,0,0,0,0,0,0,,1,0,0,0,1,1
BB_5076,L,22 KV_100A,FU_1927,,0,0,0,0,7,0,0,0,0,0,0,0,0,0,,1,0,0,0,1,1
OH_5447,S,22 KV_100A,FU_1968,,0,0,0,0,7,0,0,0,0,0,0,0,0,0,,1,0,0,0,1,1
BB_5304,L,22 KV_100A,FU_2161,,0,0,0,0,7,0,0,0,0,0,0,0,0,0,,1,0,0,0,1,1
BB_5244,L,22 KV_100A,FU_2136,,0,0,0,0,7,0,0,0,0,0,0,0,0,0,,1,0,0,0,1,1
BB_5318,L,22 KV_100A,FU_2155,,0,0,0,0,7,0,0,0,0,0,0,0,0,0,,1,0,0,0,1,1
OH_4796,S,22 KV_100A,FU_1970,,0,0,0,0,7,0,0,0,0,0,0,0,0,0,,1,0,0,0,1,1
BB_5004,L,22 KV_100A,FU_2203,,0,0,0,0,7,0,0,0,0,0,0,0,0,0,,1,0,0,0,1,1
BB_4920,L,22 KV_100A,FU_2095,,0,0,0,0,7,0,0,0,0,0,0,0,0,0,,1,0,0,0,1,1
BB_5250,L,22 KV_100A,FU_2177,,0,0,0,0,7,0,0,0,0,0,0,0,0,0,,1,0,0,0,1,1
OH_4785,S,22 KV_100A,FU_1855,,0,0,0,0,7,0,0,0,0,0,0,0,0,0,,1,0,0,0,1,1
BB_5106,L,22 KV_100A,FU_2189,,0,0,0,0,7,0,0,0,0,0,0,0,0,0,,1,0,0,0,1,1
BB_5184,L,22 KV_100A,FU_2170,,0,0,0,0,7,0,0,0,0,0,0,0,0,0,,1,0,0,0,1,1
OH_4790,S,22 KV_100A,FU_2146,,0,0,0,0,7,0,0,0,0,0,0,0,0,0,,1,0,0,0,1,1
BB_5180,L,22 KV_100A,FU_1843,,0,0,0,0,7,0,0,0,0,0,0,0,0,0,,1,0,0,0,1,1
OH_5397,L,22 KV_100A,FU_1859,,0,0,0,0,7,0,0,0,0,0,0,0,0,0,,1,0,0,0,1,1
BB_4866,L,22 KV_100A,FU_1967,,0,0,0,0,7,0,0,0,0,0,0,0,0,0,,1,0,0,0,1,1
OH_4784,S,22 KV_100A,FU_2089,,0,0,0,0,7,0,0,0,0,0,0,0,0,0,,1,0,0,0,1,1
BB_5080,L,22 KV_100A,FU_2118,,0,0,0,0,7,0,0,0,0,0,0,0,0,0,,1,0,0,0,1,1
BB_5038,L,22 KV_100A,FU_1942,,0,0,0,0,7,0,0,0,0,0,0,0,0,0,,1,0,0,0,1,1
BB_5058,L,22 KV_100A,FU_2164,,0,0,0,0,7,0,0,0,0,0,0,0,0,0,,1,0,0,0,1,1
BB_5286,L,22 KV_100A,FU_2107,,0,0,0,0,7,0,0,0,0,0,0,0,0,0,,1,0,0,0,1,1
OH_5517,L,22 KV_100A,FU_1971,,0,0,0,0,7,0,0,0,0,0,0,0,0,0,,1,0,0,0,1,1
BB_4960,L,22 KV_100A,FU_2094,,0,0,0,0,7,0,0,0,0,0,0,0,0,0,,1,0,0,0,1,1
BB_5298,L,22 KV_100A,FU_1915,,0,0,0,0,7,0,0,0,0,0,0,0,0,0,,1,0,0,0,1,1
BB_5354,L,22 KV_100A,FU_1994,,0,0,0,0,7,0,0,0,0,0,0,0,0,0,,1,0,0,0,1,1
BB_5194,L,22 KV_100A,FU_2068,,0,0,0,0,7,0,0,0,0,0,0,0,0,0,,1,0,0,0,1,1
BB_4920,L,22 KV_100A,FU_2095,,0,0,0,0,7,0,0,0,0,0,0,0,0,0,,1,0,0,0,1,1
BB_4914,L,22 KV_100A,FU_2247,,0,0,0,0,7,0,0,0,0,0,0,0,0,0,,1,0,0,0,1,1
BB_4954,L,22 KV_100A,FU_1863,,0,0,0,0,7,0,0,0,0,0,0,0,0,0,,1,0,0,0,1,1
BB_4910,L,22 KV_100A,FU_2071,,0,0,0,0,7,0,0,0,0,0,0,0,0,0,,1,0,0,0,1,1
BB_5040,L,22 KV_100A,FU_1917,,0,0,0,0,7,0,0,0,0,0,0,0,0,0,,1,0,0,0,1,1
OH_4674,S,22 KV_100A,FU_1883,,0,0,0,0,7,0,0,0,0,0,0,0,0,0,,1,0,0,0,1,1
BB_5294,L,22 KV_100A,FU_1909,,0,0,0,0,7,0,0,0,0,0,0,0,0,0,,1,0,0,0,1,1
BB_5038,L,22 KV_100A,FU_1942,,0,0,0,0,7,0,0,0,0,0,0,0,0,0,,1,0,0,0,1,1
BB_5012,L,22 KV_100A,FU_2116,,0,0,0,0,7,0,0,0,0,0,0,0,0,0,,1,0,0,0,1,1
BB_5274,L,22 KV_100A,FU_2016,,0,0,0,0,7,0,0,0,0,0,0,0,0,0,,1,0,0,0,1,1
OH_5615,L,22 KV_100A,FU_1853,,0,0,0,0,7,0,0,0,0,0,0,0,0,0,,1,0,0,0,1,1
BB_4884,L,22 KV_100A,FU_1963,,0,0,0,0,7,0,0,0,0,0,0,0,0,0,,1,0,0,0,1,1
BB_5214,L,22 KV_100A,FU_2174,,0,0,0,0,7,0,0,0,0,0,0,0,0,0,,1,0,0,0,1,1
BB_5062,L,22 KV_100A,FU_1937,,0,0,0,0,7,0,0,0,0,0,0,0,0,0,,1,0,0,0,1,1
BB_4922,L,22 KV_100A,FU_2185,,0,0,0,0,7,0,0,0,0,0,0,0,0,0,,1,0,0,0,1,1
BB_5232,L,22 KV_100A,FU_2264,,0,0,0,0,7,0,0,0,0,0,0,0,0,0,,1,0,0,0,1,1
BB_5236,L,22 KV_100A,FU_2115,,0,0,0,0,7,0,0,0,0,0,0,0,0,0,,1,0,0,0,1,1
CA_5446,S,22 KV_100A,FU_1846,,0,0,0,0,7,0,0,0,0,0,0,0,0,0,,1,0,0,0,1,1
OH_5447,S,22 KV_100A,FU_1968,,0,0,0,0,7,0,0,0,0,0,0,0,0,0,,1,0,0,0,1,1
OH_4674,S,22 KV_100A,FU_1883,,0,0,0,0,7,0,0,0,0,0,0,0,0,0,,1,0,0,0,1,1
BB_5062,L,22 KV_100A,FU_1937,,0,0,0,0,7,0,0,0,0,0,0,0,0,0,,1,0,0,0,1,1
BB_5004,L,22 KV_100A,FU_2203,,0,0,0,0,7,0,0,0,0,0,0,0,0,0,,1,0,0,0,1,1
OH_5541,L,22 KV_100A,FU_2074,,0,0,0,0,7,0,0,0,0,0,0,0,0,0,,1,0,0,0,1,1
BB_4934,L,22 KV_100A,FU_2126,,0,0,0,0,7,0,0,0,0,0,0,0,0,0,,1,0,0,0,1,1
BB_5168,L,22 KV_100A,FU_2166,,0,0,0,0,7,0,0,0,0,0,0,0,0,0,,1,0,0,0,1,1
BB_4974,L,22 KV_100A,FU_2106,,0,0,0,0,7,0,0,0,0,0,0,0,0,0,,1,0,0,0,1,1
OH_4784,S,22 KV_100A,FU_2089,,0,0,0,0,7,0,0,0,0,0,0,0,0,0,,1,0,0,0,1,1
BB_5140,L,22 KV_100A,FU_1916,,0,0,0,0,7,0,0,0,0,0,0,0,0,0,,1,0,0,0,1,1
BB_5318,L,22 KV_100A,FU_2155,,0,0,0,0,7,0,0,0,0,0,0,0,0,0,,1,0,0,0,1,1
BB_5140,L,22 KV_100A,FU_1916,,0,0,0,0,7,0,0,0,0,0,0,0,0,0,,1,0,0,0,1,1
BB_4906,L,22 KV_100A,FU_2067,,0,0,0,0,7,0,0,0,0,0,0,0,0,0,,1,0,0,0,1,1
BB_5298,L,22 KV_100A,FU_1915,,0,0,0,0,7,0,0,0,0,0,0,0,0,0,,1,0,0,0,1,1
OH_5397,L,22 KV_100A,FU_1859,,0,0,0,0,7,0,0,0,0,0,0,0,0,0,,1,0,0,0,1,1
BB_5042,L,22 KV_100A,FU_2114,,0,0,0,0,7,0,0,0,0,0,0,0,0,0,,1,0,0,0,1,1
BB_4884,L,22 KV_100A,FU_1963,,0,0,0,0,7,0,0,0,0,0,0,0,0,0,,1,0,0,0,1,1
BB_5336,L,22 KV_100A,FU_1881,,0,0,0,0,7,0,0,0,0,0,0,0,0,0,,1,0,0,0,1,1
OH_5517,L,22 KV_100A,FU_1971,,0,0,0,0,7,0,0,0,0,0,0,0,0,0,,1,0,0,0,1,1
OH_4803,S,22 KV_100A,FU_1958,,0,0,0,0,7,0,0,0,0,0,0,0,0,0,,1,0,0,0,1,1
BB_5044,L,22 KV_100A,FU_2123,,0,0,0,0,7,0,0,0,0,0,0,0,0,0,,1,0,0,0,1,1
BB_5168,L,22 KV_100A,FU_2166,,0,0,0,0,7,0,0,0,0,0,0,0,0,0,,1,0,0,0,1,1
OH_5531,L,22 KV_100A,FU_1944,,0,0,0,0,7,0,0,0,0,0,0,0,0,0,,1,0,0,0,1,1
BB_5232,L,22 KV_100A,FU_2264,,0,0,0,0,7,0,0,0,0,0,0,0,0,0,,1,0,0,0,1,1
BB_5096,L,22 KV_100A,FU_2202,,0,0,0,0,7,0,0,0,0,0,0,0,0,0,,1,0,0,0,1,1
BB_5194,L,22 KV_100A,FU_2068,,0,0,0,0,7,0,0,0,0,0,0,0,0,0,,1,0,0,0,1,1
BB_4954,L,22 KV_100A,FU_1863,,0,0,0,0,7,0,0,0,0,0,0,0,0,0,,1,0,0,0,1,1
BB_4934,L,22 KV_100A,FU_2126,,0,0,0,0,7,0,0,0,0,0,0,0,0,0,,1,0,0,0,1,1
BB_5304,L,22 KV_100A,FU_2161,,0,0,0,0,7,0,0,0,0,0,0,0,0,0,,1,0,0,0,1,1
OH_4846,S,22 KV_100A,FU_1961,,0,0,0,0,7,0,0,0,0,0,0,0,0,0,,1,0,0,0,1,1
BB_5310,L,22 KV_100A,FU_2173,,0,0,0,0,7,0,0,0,0,0,0,0,0,0,,1,0,0,0,1,1
OH_5531,L,22 KV_100A,FU_1944,,0,0,0,0,7,0,0,0,0,0,0,0,0,0,,1,0,0,0,1,1
OH_5615,L,22 KV_100A,FU_1853,,0,0,0,0,7,0,0,0,0,0,0,0,0,0,,1,0,0,0,1,1
BB_5188,L,22 KV_100A,FU_2187,,0,0,0,0,7,0,0,0,0,0,0,0,0,0,,1,0,0,0,1,1
BB_5016,L,22 KV_100A,FU_2129,,0,0,0,0,7,0,0,0,0,0,0,0,0,0,,1,0,0,0,1,1
OH_4662,S,22 KV_100A,FU_2153,,0,0,0,0,7,0,0,0,0,0,0,0,0,0,,1,0,0,0,1,1
BB_5012,L,22 KV_100A,FU_2116,,0,0,0,0,7,0,0,0,0,0,0,0,0,0,,1,0,0,0,1,1
BB_5184,L,22 KV_100A,FU_2170,,0,0,0,0,7,0,0,0,0,0,0,0,0,0,,1,0,0,0,1,1
OH_5531,L,22 KV_100A,FU_1944,,0,0,0,0,7,0,0,0,0,0,0,0,0,0,,1,0,0,0,1,1
OH_5614,L,22 KV_100A,FU_1845,,0,0,0,0,7,0,0,0,0,0,0,0,0,0,,1,0,0,0,1,1
BB_4990,L,22 KV_100A,FU_2082,,0,0,0,0,7,0,0,0,0,0,0,0,0,0,,1,0,0,0,1,1
BB_5172,L,22 KV_100A,FU_2225,,0,0,0,0,7,0,0,0,0,0,0,0,0,0,,1,0,0,0,1,1
BB_4866,L,22 KV_100A,FU_1967,,0,0,0,0,7,0,0,0,0,0,0,0,0,0,,1,0,0,0,1,1
BB_5022,L,22 KV_100A,FU_2105,,0,0,0,0,7,0,0,0,0,0,0,0,0,0,,1,0,0,0,1,1
OH_4784,S,22 KV_100A,FU_2089,,0,0,0,0,7,0,0,0,0,0,0,0,0,0,,1,0,0,0,1,1
BB_4894,L,22 KV_100A,FU_1875,,0,0,0,0,7,0,0,0,0,0,0,0,0,0,,1,0,0,0,1,1
BB_5188,L,22 KV_100A,FU_2187,,0,0,0,0,7,0,0,0,0,0,0,0,0,0,,1,0,0,0,1,1
OH_4662,S,22 KV_100A,FU_2153,,0,0,0,0,7,0,0,0,0,0,0,0,0,0,,1,0,0,0,1,1
BB_5040,L,22 KV_100A,FU_1917,,0,0,0,0,7,0,0,0,0,0,0,0,0,0,,1,0,0,0,1,1
BB_4948,L,22 KV_100A,FU_2252,,0,0,0,0,7,0,0,0,0,0,0,0,0,0,,1,0,0,0,1,1
BB_5214,L,22 KV_100A,FU_2174,,0,0,0,0,7,0,0,0,0,0,0,0,0,0,,1,0,0,0,1,1
BB_5034,L,22 KV_100A,FU_1816,,0,0,0,0,7,0,0,0,0,0,0,0,0,0,,1,0,0,0,1,1
BB_5006,L,22 KV_100A,FU_2108,,0,0,0,0,7,0,0,0,0,0,0,0,0,0,,1,0,0,0,1,1
BB_5130,L,22 KV_100A,FU_2193,,0,0,0,0,7,0,0,0,0,0,0,0,0,0,,1,0,0,0,1,1
BB_5250,L,22 KV_100A,FU_2177,,0,0,0,0,7,0,0,0,0,0,0,0,0,0,,1,0,0,0,1,1
BB_4868,L,22 KV_100A,FU_2226,,0,0,0,0,7,0,0,0,0,0,0,0,0,0,,1,0,0,0,1,1
BB_5012,L,22 KV_100A,FU_2116,,0,0,0,0,7,0,0,0,0,0,0,0,0,0,,1,0,0,0,1,1
BB_4948,L,22 KV_100A,FU_2252,,0,0,0,0,7,0,0,0,0,0,0,0,0,0,,1,0,0,0,1,1
BB_5338,L,22 KV_100A,FU_2138,,0,0,0,0,7,0,0,0,0,0,0,0,0,0,,1,0,0,0,1,1
BB_5230,L,22 KV_100A,FU_2135,,0,0,0,0,7,0,0,0,0,0,0,0,0,0,,1,0,0,0,1,1
OH_4674,S,22 KV_100A,FU_1883,,0,0,0,0,7,0,0,0,0,0,0,0,0,0,,1,0,0,0,1,1
BB_5272,L,22 KV_100A,FU_2141,,0,0,0,0,7,0,0,0,0,0,0,0,0,0,,1,0,0,0,1,1
BB_5274,L,22 KV_100A,FU_2016,,0,0,0,0,7,0,0,0,0,0,0,0,0,0,,1,0,0,0,1,1
BB_5290,L,22 KV_100A,FU_2186,,0,0,0,0,7,0,0,0,0,0,0,0,0,0,,1,0,0,0,1,1
OH_4791,S,22 KV_100A,FU_1969,,0,0,0,0,7,0,0,0,0,0,0,0,0,0,,1,0,0,0,1,1
BB_4960,L,22 KV_100A,FU_2094,,0,0,0,0,7,0,0,0,0,0,0,0,0,0,,1,0,0,0,1,1
BB_4930,L,22 KV_100A,FU_2075,,0,0,0,0,7,0,0,0,0,0,0,0,0,0,,1,0,0,0,1,1
BB_5130,L,22 KV_100A,FU_2193,,0,0,0,0,7,0,0,0,0,0,0,0,0,0,,1,0,0,0,1,1
OH_5541,L,22 KV_100A,FU_2074,,0,0,0,0,7,0,0,0,0,0,0,0,0,0,,1,0,0,0,1,1
CA_5446,S,22 KV_100A,FU_1846,,0,0,0,0,7,0,0,0,0,0,0,0,0,0,,1,0,0,0,1,1
BB_5096,L,22 KV_100A,FU_2202,,0,0,0,0,7,0,0,0,0,0,0,0,0,0,,1,0,0,0,1,1
BB_5272,L,22 KV_100A,FU_2141,,0,0,0,0,7,0,0,0,0,0,0,0,0,0,,1,0,0,0,1,1
BB_5180,L,22 KV_100A,FU_1843,,0,0,0,0,7,0,0,0,0,0,0,0,0,0,,1,0,0,0,1,1
BB_5080,L,22 KV_100A,FU_2118,,0,0,0,0,7,0,0,0,0,0,0,0,0,0,,1,0,0,0,1,1
OH_4785,S,22 KV_100A,FU_1855,,0,0,0,0,7,0,0,0,0,0,0,0,0,0,,1,0,0,0,1,1
BB_5124,L,22 KV_100A,FU_1955,,0,0,0,0,7,0,0,0,0,0,0,0,0,0,,1,0,0,0,1,1
BB_5336,L,22 KV_100A,FU_1881,,0,0,0,0,7,0,0,0,0,0,0,0,0,0,,1,0,0,0,1,1
BB_5106,L,22 KV_100A,FU_2189,,0,0,0,0,7,0,0,0,0,0,0,0,0,0,,1,0,0,0,1,1
OH_5397,L,22 KV_100A,FU_1859,,0,0,0,0,7,0,0,0,0,0,0,0,0,0,,1,0,0,0,1,1
BB_4990,L,22 KV_100A,FU_2082,,0,0,0,0,7,0,0,0,0,0,0,0,0,0,,1,0,0,0,1,1
BB_5016,L,22 KV_100A,FU_2129,,0,0,0,0,7,0,0,0,0,0,0,0,0,0,,1,0,0,0,1,1
OH_4797,S,22 KV_100A,FU_1974,,0,0,0,0,7,0,0,0,0,0,0,0,0,0,,1,0,0,0,1,1
BB_5086,L,22 KV_100A,FU_2047,,0,0,0,0,7,0,0,0,0,0,0,0,0,0,,1,0,0,0,1,1
OH_4791,S,22 KV_100A,FU_1969,,0,0,0,0,7,0,0,0,0,0,0,0,0,0,,1,0,0,0,1,1
OH_4785,S,22 KV_100A,FU_1855,,0,0,0,0,7,0,0,0,0,0,0,0,0,0,,1,0,0,0,1,1
BB_5096,L,22 KV_100A,FU_2202,,0,0,0,0,7,0,0,0,0,0,0,0,0,0,,1,0,0,0,1,1
BB_5310,L,22 KV_100A,FU_2173,,0,0,0,0,7,0,0,0,0,0,0,0,0,0,,1,0,0,0,1,1
BB_5354,L,22 KV_100A,FU_1994,,0,0,0,0,7,0,0,0,0,0,0,0,0,0,,1,0,0,0,1,1
BB_4922,L,22 KV_100A,FU_2185,,0,0,0,0,7,0,0,0,0,0,0,0,0,0,,1,0,0,0,1,1
BB_5086,L,22 KV_100A,FU_2047,,0,0,0,0,7,0,0,0,0,0,0,0,0,0,,1,0,0,0,1,1
OH_4798,S,22 KV_100A,FU_2147,,0,0,0,0,7,0,0,0,0,0,0,0,0,0,,1,0,0,0,1,1
BB_5016,L,22 KV_100A,FU_2129,,0,0,0,0,7,0,0,0,0,0,0,0,0,0,,1,0,0,0,1,1
BB_5286,L,22 KV_100A,FU_2107,,0,0,0,0,7,0,0,0,0,0,0,0,0,0,,1,0,0,0,1,1
BB_4930,L,22 KV_100A,FU_2075,,0,0,0,0,7,0,0,0,0,0,0,0,0,0,,1,0,0,0,1,1
OH_4662,S,22 KV_100A,FU_2153,,0,0,0,0,7,0,0,0,0,0,0,0,0,0,,1,0,0,0,1,1
BB_5034,L,22 KV_100A,FU_1816,,0,0,0,0,7,0,0,0,0,0,0,0,0,0,,1,0,0,0,1,1
BB_5338,L,22 KV_100A,FU_2138,,0,0,0,0,7,0,0,0,0,0,0,0,0,0,,1,0,0,0,1,1
BB_4884,L,22 KV_100A,FU_1963,,0,0,0,0,7,0,0,0,0,0,0,0,0,0,,1,0,0,0,1,1
OH_4803,S,22 KV_100A,FU_1958,,0,0,0,0,7,0,0,0,0,0,0,0,0,0,,1,0,0,0,1,1
BB_5130,L,22 KV_100A,FU_2193,,0,0,0,0,7,0,0,0,0,0,0,0,0,0,,1,0,0,0,1,1
BB_5112,L,22 KV_100A,FU_1827,,0,0,0,0,7,0,0,0,0,0,0,0,0,0,,1,0,0,0,1,1
BB_5290,L,22 KV_100A,FU_2186,,0,0,0,0,7,0,0,0,0,0,0,0,0,0,,1,0,0,0,1,1
BB_5172,L,22 KV_100A,FU_2225,,0,0,0,0,7,0,0,0,0,0,0,0,0,0,,1,0,0,0,1,1
BB_5320,L,22 KV_100A,FU_2244,,0,0,0,0,7,0,0,0,0,0,0,0,0,0,,1,0,0,0,1,1
BB_5272,L,22 KV_100A,FU_2141,,0,0,0,0,7,0,0,0,0,0,0,0,0,0,,1,0,0,0,1,1
BB_5140,L,22 KV_100A,FU_1916,,0,0,0,0,7,0,0,0,0,0,0,0,0,0,,1,0,0,0,1,1
BB_4868,L,22 KV_100A,FU_2226,,0,0,0,0,7,0,0,0,0,0,0,0,0,0,,1,0,0,0,1,1
BB_4906,L,22 KV_100A,FU_2067,,0,0,0,0,7,0,0,0,0,0,0,0,0,0,,1,0,0,0,1,1
BB_5038,L,22 KV_100A,FU_1942,,0,0,0,0,7,0,0,0,0,0,0,0,0,0,,1,0,0,0,1,1
BB_5314,L,22 KV_100A,FU_2099,,0,0,0,0,7,0,0,0,0,0,0,0,0,0,,1,0,0,0,1,1
OH_5615,L,22 KV_100A,FU_1853,,0,0,0,0,7,0,0,0,0,0,0,0,0,0,,1,0,0,0,1,1
BB_5318,L,22 KV_100A,FU_2155,,0,0,0,0,7,0,0,0,0,0,0,0,0,0,,1,0,0,0,1,1
BB_5180,L,22 KV_100A,FU_1843,,0,0,0,0,7,0,0,0,0,0,0,0,0,0,,1,0,0,0,1,1
BB_5168,L,22 KV_100A,FU_2166,,0,0,0,0,7,0,0,0,0,0,0,0,0,0,,1,0,0,0,1,1
BB_5116,L,22 KV_100A,FU_2261,,0,0,0,0,7,0,0,0,0,0,0,0,0,0,,1,0,0,0,1,1
OH_4797,S,22 KV_100A,FU_1974,,0,0,0,0,7,0,0,0,0,0,0,0,0,0,,1,0,0,0,1,1
OH_4799,S,22 KV_100A,FU_1975,,0,0,0,0,7,0,0,0,0,0,0,0,0,0,,1,0,0,0,1,1
BB_5310,L,22 KV_100A,FU_2173,,0,0,0,0,7,0,0,0,0,0,0,0,0,0,,1,0,0,0,1,1
BB_4914,L,22 KV_100A,FU_2247,,0,0,0,0,7,0,0,0,0,0,0,0,0,0,,1,0,0,0,1,1
BB_4906,L,22 KV_100A,FU_2067,,0,0,0,0,7,0,0,0,0,0,0,0,0,0,,1,0,0,0,1,1
OH_4797,S,22 KV_100A,FU_1974,,0,0,0,0,7,0,0,0,0,0,0,0,0,0,,1,0,0,0,1,1
BB_5298,L,22 KV_100A,FU_1915,,0,0,0,0,7,0,0,0,0,0,0,0,0,0,,1,0,0,0,1,1
OH_4711,S,22 KV_100A,FU_1854,,0,0,0,0,7,0,0,0,0,0,0,0,0,0,,1,0,0,0,1,1
BB_4948,L,22 KV_100A,FU_2252,,0,0,0,0,7,0,0,0,0,0,0,0,0,0,,1,0,0,0,1,1
BB_5286,L,22 KV_100A,FU_2107,,0,0,0,0,7,0,0,0,0,0,0,0,0,0,,1,0,0,0,1,1
BB_5116,L,22 KV_100A,FU_2261,,0,0,0,0,7,0,0,0,0,0,0,0,0,0,,1,0,0,0,1,1
OH_10450,S,22 KV_100A,FU_4017,,0,0,0,0,7,0,0,0,0,0,0,0,0,0,,1,0,0,0,1,1
BB_10836,L,22 KV_100A,FU_3838,,0,0,0,0,7,0,0,0,0,0,0,0,0,0,,1,0,0,0,1,1
BB_10968,L,22 KV_100A,FU_4063,,0,0,0,0,7,0,0,0,0,0,0,0,0,0,,1,0,0,0,1,1
OH_10395,S,22 KV_100A,FU_3981,,0,0,0,0,7,0,0,0,0,0,0,0,0,0,,1,0,0,0,1,1
BB_11074,L,22 KV_100A,FU_4045,,0,0,0,0,7,0,0,0,0,0,0,0,0,0,,1,0,0,0,1,1
BB_10704,L,22 KV_100A,FU_3865,,0,0,0,0,7,0,0,0,0,0,0,0,0,0,,1,0,0,0,1,1
BB_11212,L,22 KV_100A,FU_3828,,0,0,0,0,7,0,0,0,0,0,0,0,0,0,,1,0,0,0,1,1
BB_10792,L,22 KV_100A,FU_3784,,0,0,0,0,7,0,0,0,0,0,0,0,0,0,,1,0,0,0,1,1
BB_10726,L,22 KV_100A,FU_3992,,0,0,0,0,7,0,0,0,0,0,0,0,0,0,,1,0,0,0,1,1
BB_10704,L,22 KV_100A,FU_3865,,0,0,0,0,7,0,0,0,0,0,0,0,0,0,,1,0,0,0,1,1
OH_10445,S,22 KV_100A,FU_3968,,0,0,0,0,7,0,0,0,0,0,0,0,0,0,,1,0,0,0,1,1
BB_10968,L,22 KV_100A,FU_4063,,0,0,0,0,7,0,0,0,0,0,0,0,0,0,,1,0,0,0,1,1
BB_11250,L,22 KV_100A,FU_3868,,0,0,0,0,7,0,0,0,0,0,0,0,0,0,,1,0,0,0,1,1
OH_10642,S,22 KV_100A,FU_3924,,0,0,0,0,7,0,0,0,0,0,0,0,0,0,,1,0,0,0,1,1
BB_10976,L,22 KV_100A,FU_3829,,0,0,0,0,7,0,0,0,0,0,0,0,0,0,,1,0,0,0,1,1
BB_5026,L,22 KV_100A,FU_2070,,0,0,0,0,7,0,0,0,0,0,0,0,0,0,,1,0,0,0,1,1
CA_5446,S,22 KV_100A,FU_1846,,0,0,0,0,7,0,0,0,0,0,0,0,0,0,,1,0,0,0,1,1
OH_5541,L,22 KV_100A,FU_2074,,0,0,0,0,7,0,0,0,0,0,0,0,0,0,,1,0,0,0,1,1
BB_4974,L,22 KV_100A,FU_2106,,0,0,0,0,7,0,0,0,0,0,0,0,0,0,,1,0,0,0,1,1
BB_4894,L,22 KV_100A,FU_1875,,0,0,0,0,7,0,0,0,0,0,0,0,0,0,,1,0,0,0,1,1
BB_5042,L,22 KV_100A,FU_2114,,0,0,0,0,7,0,0,0,0,0,0,0,0,0,,1,0,0,0,1,1
BB_5324,L,22 KV_100A,FU_2125,,0,0,0,0,7,0,0,0,0,0,0,0,0,0,,1,0,0,0,1,1
BB_5230,L,22 KV_100A,FU_2135,,0,0,0,0,7,0,0,0,0,0,0,0,0,0,,1,0,0,0,1,1
BB_5106,L,22 KV_100A,FU_2189,,0,0,0,0,7,0,0,0,0,0,0,0,0,0,,1,0,0,0,1,1
BB_5336,L,22 KV_100A,FU_1881,,0,0,0,0,7,0,0,0,0,0,0,0,0,0,,1,0,0,0,1,1
OH_4796,S,22 KV_100A,FU_1970,,0,0,0,0,7,0,0,0,0,0,0,0,0,0,,1,0,0,0,1,1
BB_11158,L,22 KV_100A,FU_3790,,0,0,0,0,7,0,0,0,0,0,0,0,0,0,,1,0,0,0,1,1
BB_11120,L,22 KV_100A,FU_3999,,0,0,0,0,7,0,0,0,0,0,0,0,0,0,,1,0,0,0,1,1
BB_11290,L,22 KV_100A,FU_4140,,0,0,0,0,7,0,0,0,0,0,0,0,0,0,,1,0,0,0,1,1
BB_11138,L,22 KV_100A,FU_4125,,0,0,0,0,7,0,0,0,0,0,0,0,0,0,,1,0,0,0,1,1
BB_10862,L,22 KV_100A,FU_3928,,0,0,0,0,7,0,0,0,0,0,0,0,0,0,,1,0,0,0,1,1
BB_10908,L,22 KV_100A,FU_3786,,0,0,0,0,7,0,0,0,0,0,0,0,0,0,,1,0,0,0,1,1
OH_10411,S,22 KV_100A,FU_3896,,0,0,0,0,7,0,0,0,0,0,0,0,0,0,,1,0,0,0,1,1
BB_10808,L,22 KV_100A,FU_3778,,0,0,0,0,7,0,0,0,0,0,0,0,0,0,,1,0,0,0,1,1
BB_10834,L,22 KV_100A,FU_4008,,0,0,0,0,7,0,0,0,0,0,0,0,0,0,,1,0,0,0,1,1
BB_11120,L,22 KV_100A,FU_3999,,0,0,0,0,7,0,0,0,0,0,0,0,0,0,,1,0,0,0,1,1
BB_10862,L,22 KV_100A,FU_3928,,0,0,0,0,7,0,0,0,0,0,0,0,0,0,,1,0,0,0,1,1
OH_11475,L,22 KV_100A,FU_3831,,0,0,0,0,7,0,0,0,0,0,0,0,0,0,,1,0,0,0,1,1
BB_10808,L,22 KV_100A,FU_3778,,0,0,0,0,7,0,0,0,0,0,0,0,0,0,,1,0,0,0,1,1
BB_10910,L,22 KV_100A,FU_4053,,0,0,0,0,7,0,0,0,0,0,0,0,0,0,,1,0,0,0,1,1
OH_10392,S,22 KV_100A,FU_3873,,0,0,0,0,7,0,0,0,0,0,0,0,0,0,,1,0,0,0,1,1
BB_10712,L,22 KV_100A,FU_3956,,0,0,0,0,7,0,0,0,0,0,0,0,0,0,,1,0,0,0,1,1
BB_10704,L,22 KV_100A,FU_3865,,0,0,0,0,7,0,0,0,0,0,0,0,0,0,,1,0,0,0,1,1
BB_10712,L,22 KV_100A,FU_3956,,0,0,0,0,7,0,0,0,0,0,0,0,0,0,,1,0,0,0,1,1
OH_11475,L,22 KV_100A,FU_3831,,0,0,0,0,7,0,0,0,0,0,0,0,0,0,,1,0,0,0,1,1
BB_11138,L,22 KV_100A,FU_4125,,0,0,0,0,7,0,0,0,0,0,0,0,0,0,,1,0,0,0,1,1
OH_10395,S,22 KV_100A,FU_3981,,0,0,0,0,7,0,0,0,0,0,0,0,0,0,,1,0,0,0,1,1
BB_10770,L,22 KV_100A,FU_3781,,0,0,0,0,7,0,0,0,0,0,0,0,0,0,,1,0,0,0,1,1
BB_10712,L,22 KV_100A,FU_3956,,0,0,0,0,7,0,0,0,0,0,0,0,0,0,,1,0,0,0,1,1
BB_11178,L,22 KV_100A,FU_4160,,0,0,0,0,7,0,0,0,0,0,0,0,0,0,,1,0,0,0,1,1
BB_10792,L,22 KV_100A,FU_3784,,0,0,0,0,7,0,0,0,0,0,0,0,0,0,,1,0,0,0,1,1
BB_10766,L,22 KV_100A,FU_4212,,0,0,0,0,7,0,0,0,0,0,0,0,0,0,,1,0,0,0,1,1
BB_11134,L,22 KV_100A,FU_3779,,0,0,0,0,7,0,0,0,0,0,0,0,0,0,,1,0,0,0,1,1
OH_10642,S,22 KV_100A,FU_3924,,0,0,0,0,7,0,0,0,0,0,0,0,0,0,,1,0,0,0,1,1
BB_10766,L,22 KV_100A,FU_4212,,0,0,0,0,7,0,0,0,0,0,0,0,0,0,,1,0,0,0,1,1
OH_10642,S,22 KV_100A,FU_3924,,0,0,0,0,7,0,0,0,0,0,0,0,0,0,,1,0,0,0,1,1
BB_11290,L,22 KV_100A,FU_4140,,0,0,0,0,7,0,0,0,0,0,0,0,0,0,,1,0,0,0,1,1
BB_10726,L,22 KV_100A,FU_3992,,0,0,0,0,7,0,0,0,0,0,0,0,0,0,,1,0,0,0,1,1
BB_10756,L,22 KV_100A,FU_4100,,0,0,0,0,7,0,0,0,0,0,0,0,0,0,,1,0,0,0,1,1
BB_11118,L,22 KV_100A,FU_3931,,0,0,0,0,7,0,0,0,0,0,0,0,0,0,,1,0,0,0,1,1
BB_10836,L,22 KV_100A,FU_3838,,0,0,0,0,7,0,0,0,0,0,0,0,0,0,,1,0,0,0,1,1
BB_11082,L,22 KV_100A,FU_3775,,0,0,0,0,7,0,0,0,0,0,0,0,0,0,,1,0,0,0,1,1
BB_11170,L,22 KV_100A,FU_3867,,0,0,0,0,7,0,0,0,0,0,0,0,0,0,,1,0,0,0,1,1
BB_11074,L,22 KV_100A,FU_4045,,0,0,0,0,7,0,0,0,0,0,0,0,0,0,,1,0,0,0,1,1
BB_10808,L,22 KV_100A,FU_3778,,0,0,0,0,7,0,0,0,0,0,0,0,0,0,,1,0,0,0,1,1
BB_11212,L,22 KV_100A,FU_3828,,0,0,0,0,7,0,0,0,0,0,0,0,0,0,,1,0,0,0,1,1
CA_10658,S,22 KV_100A,FU_4036,,0,0,0,0,7,0,0,0,0,0,0,0,0,0,,1,0,0,0,1,1
BB_10834,L,22 KV_100A,FU_4008,,0,0,0,0,7,0,0,0,0,0,0,0,0,0,,1,0,0,0,1,1
BB_10836,L,22 KV_100A,FU_3838,,0,0,0,0,7,0,0,0,0,0,0,0,0,0,,1,0,0,0,1,1
OH_10411,S,22 KV_100A,FU_3896,,0,0,0,0,7,0,0,0,0,0,0,0,0,0,,1,0,0,0,1,1
OH_10445,S,22 KV_100A,FU_3968,,0,0,0,0,7,0,0,0,0,0,0,0,0,0,,1,0,0,0,1,1
BB_10986,L,22 KV_100A,FU_4029,,0,0,0,0,7,0,0,0,0,0,0,0,0,0,,1,0,0,0,1,1
BB_10924,L,22 KV_100A,FU_4204,,0,0,0,0,7,0,0,0,0,0,0,0,0,0,,1,0,0,0,1,1
BB_10910,L,22 KV_100A,FU_4053,,0,0,0,0,7,0,0,0,0,0,0,0,0,0,,1,0,0,0,1,1
BB_10976,L,22 KV_100A,FU_3829,,0,0,0,0,7,0,0,0,0,0,0,0,0,0,,1,0,0,0,1,1
BB_10834,L,22 KV_100A,FU_4008,,0,0,0,0,7,0,0,0,0,0,0,0,0,0,,1,0,0,0,1,1
BB_10756,L,22 KV_100A,FU_4100,,0,0,0,0,7,0,0,0,0,0,0,0,0,0,,1,0,0,0,1,1
BB_11134,L,22 KV_100A,FU_3779,,0,0,0,0,7,0,0,0,0,0,0,0,0,0,,1,0,0,0,1,1
BB_11250,L,22 KV_100A,FU_3868,,0,0,0,0,7,0,0,0,0,0,0,0,0,0,,1,0,0,0,1,1
BB_10908,L,22 KV_100A,FU_3786,,0,0,0,0,7,0,0,0,0,0,0,0,0,0,,1,0,0,0,1,1
OH_10445,S,22 KV_100A,FU_3968,,0,0,0,0,7,0,0,0,0,0,0,0,0,0,,1,0,0,0,1,1
BB_10968,L,22 KV_100A,FU_4063,,0,0,0,0,7,0,0,0,0,0,0,0,0,0,,1,0,0,0,1,1
BB_11060,L,22 KV_100A,FU_3843,,0,0,0,0,7,0,0,0,0,0,0,0,0,0,,1,0,0,0,1,1
BB_11290,L,22 KV_100A,FU_4140,,0,0,0,0,7,0,0,0,0,0,0,0,0,0,,1,0,0,0,1,1
BB_11170,L,22 KV_100A,FU_3867,,0,0,0,0,7,0,0,0,0,0,0,0,0,0,,1,0,0,0,1,1
BB_11060,L,22 KV_100A,FU_3843,,0,0,0,0,7,0,0,0,0,0,0,0,0,0,,1,0,0,0,1,1
BB_10986,L,22 KV_100A,FU_4029,,0,0,0,0,7,0,0,0,0,0,0,0,0,0,,1,0,0,0,1,1
OH_10392,S,22 KV_100A,FU_3873,,0,0,0,0,7,0,0,0,0,0,0,0,0,0,,1,0,0,0,1,1
BB_11170,L,22 KV_100A,FU_3867,,0,0,0,0,7,0,0,0,0,0,0,0,0,0,,1,0,0,0,1,1
BB_10910,L,22 KV_100A,FU_4053,,0,0,0,0,7,0,0,0,0,0,0,0,0,0,,1,0,0,0,1,1
OH_10450,S,22 KV_100A,FU_4017,,0,0,0,0,7,0,0,0,0,0,0,0,0,0,,1,0,0,0,1,1
BB_10924,L,22 KV_100A,FU_4204,,0,0,0,0,7,0,0,0,0,0,0,0,0,0,,1,0,0,0,1,1
BB_10916,L,22 KV_100A,FU_3951,,0,0,0,0,7,0,0,0,0,0,0,0,0,0,,1,0,0,0,1,1
BB_11060,L,22 KV_100A,FU_3843,,0,0,0,0,7,0,0,0,0,0,0,0,0,0,,1,0,0,0,1,1
BB_10878,L,22 KV_100A,FU_4069,,0,0,0,0,7,0,0,0,0,0,0,0,0,0,,1,0,0,0,1,1
BB_10878,L,22 KV_100A,FU_4069,,0,0,0,0,7,0,0,0,0,0,0,0,0,0,,1,0,0,0,1,1
BB_11212,L,22 KV_100A,FU_3828,,0,0,0,0,7,0,0,0,0,0,0,0,0,0,,1,0,0,0,1,1
BB_11134,L,22 KV_100A,FU_3779,,0,0,0,0,7,0,0,0,0,0,0,0,0,0,,1,0,0,0,1,1
BB_10770,L,22 KV_100A,FU_3781,,0,0,0,0,7,0,0,0,0,0,0,0,0,0,,1,0,0,0,1,1
BB_11082,L,22 KV_100A,FU_3775,,0,0,0,0,7,0,0,0,0,0,0,0,0,0,,1,0,0,0,1,1
BB_10792,L,22 KV_100A,FU_3784,,0,0,0,0,7,0,0,0,0,0,0,0,0,0,,1,0,0,0,1,1
OH_10411,S,22 KV_100A,FU_3896,,0,0,0,0,7,0,0,0,0,0,0,0,0,0,,1,0,0,0,1,1
CA_10658,S,22 KV_100A,FU_4036,,0,0,0,0,7,0,0,0,0,0,0,0,0,0,,1,0,0,0,1,1
BB_11158,L,22 KV_100A,FU_3790,,0,0,0,0,7,0,0,0,0,0,0,0,0,0,,1,0,0,0,1,1
BB_11120,L,22 KV_100A,FU_3999,,0,0,0,0,7,0,0,0,0,0,0,0,0,0,,1,0,0,0,1,1
BB_11074,L,22 KV_100A,FU_4045,,0,0,0,0,7,0,0,0,0,0,0,0,0,0,,1,0,0,0,1,1
BB_11250,L,22 KV_100A,FU_3868,,0,0,0,0,7,0,0,0,0,0,0,0,0,0,,1,0,0,0,1,1
BB_11118,L,22 KV_100A,FU_3931,,0,0,0,0,7,0,0,0,0,0,0,0,0,0,,1,0,0,0,1,1
BB_10878,L,22 KV_100A,FU_4069,,0,0,0,0,7,0,0,0,0,0,0,0,0,0,,1,0,0,0,1,1
BB_10916,L,22 KV_100A,FU_3951,,0,0,0,0,7,0,0,0,0,0,0,0,0,0,,1,0,0,0,1,1
BB_10924,L,22 KV_100A,FU_4204,,0,0,0,0,7,0,0,0,0,0,0,0,0,0,,1,0,0,0,1,1
BB_10916,L,22 KV_100A,FU_3951,,0,0,0,0,7,0,0,0,0,0,0,0,0,0,,1,0,0,0,1,1
OH_10450,S,22 KV_100A,FU_4017,,0,0,0,0,7,0,0,0,0,0,0,0,0,0,,1,0,0,0,1,1
BB_11118,L,22 KV_100A,FU_3931,,0,0,0,0,7,0,0,0,0,0,0,0,0,0,,1,0,0,0,1,1
BB_10908,L,22 KV_100A,FU_3786,,0,0,0,0,7,0,0,0,0,0,0,0,0,0,,1,0,0,0,1,1
CA_10658,S,22 KV_100A,FU_4036,,0,0,0,0,7,0,0,0,0,0,0,0,0,0,,1,0,0,0,1,1
BB_10862,L,22 KV_100A,FU_3928,,0,0,0,0,7,0,0,0,0,0,0,0,0,0,,1,0,0,0,1,1
BB_10986,L,22 KV_100A,FU_4029,,0,0,0,0,7,0,0,0,0,0,0,0,0,0,,1,0,0,0,1,1
BB_10770,L,22 KV_100A,FU_3781,,0,0,0,0,7,0,0,0,0,0,0,0,0,0,,1,0,0,0,1,1
BB_10766,L,22 KV_100A,FU_4212,,0,0,0,0,7,0,0,0,0,0,0,0,0,0,,1,0,0,0,1,1
BB_10726,L,22 KV_100A,FU_3992,,0,0,0,0,7,0,0,0,0,0,0,0,0,0,,1,0,0,0,1,1
BB_11082,L,22 KV_100A,FU_3775,,0,0,0,0,7,0,0,0,0,0,0,0,0,0,,1,0,0,0,1,1
BB_10756,L,22 KV_100A,FU_4100,,0,0,0,0,7,0,0,0,0,0,0,0,0,0,,1,0,0,0,1,1
OH_10392,S,22 KV_100A,FU_3873,,0,0,0,0,7,0,0,0,0,0,0,0,0,0,,1,0,0,0,1,1
BB_11158,L,22 KV_100A,FU_3790,,0,0,0,0,7,0,0,0,0,0,0,0,0,0,,1,0,0,0,1,1
BB_11138,L,22 KV_100A,FU_4125,,0,0,0,0,7,0,0,0,0,0,0,0,0,0,,1,0,0,0,1,1
BB_10976,L,22 KV_100A,FU_3829,,0,0,0,0,7,0,0,0,0,0,0,0,0,0,,1,0,0,0,1,1
OH_10395,S,22 KV_100A,FU_3981,,0,0,0,0,7,0,0,0,0,0,0,0,0,0,,1,0,0,0,1,1
OH_11475,L,22 KV_100A,FU_3831,,0,0,0,0,7,0,0,0,0,0,0,0,0,0,,1,0,0,0,1,1
BB_11178,L,22 KV_100A,FU_4160,,0,0,0,0,7,0,0,0,0,0,0,0,0,0,,1,0,0,0,1,1
BB_11178,L,22 KV_100A,FU_4160,,0,0,0,0,7,0,0,0,0,0,0,0,0,0,,1,0,0,0,1,1
OH_5581,L,22 KV_200A,FU_1934,,0,0,0,0,7,0,0,0,0,0,0,0,0,0,,1,0,0,0,1,1
OH_5581,L,22 KV_200A,FU_1934,,0,0,0,0,7,0,0,0,0,0,0,0,0,0,,1,0,0,0,1,1
OH_5581,L,22 KV_200A,FU_1934,,0,0,0,0,7,0,0,0,0,0,0,0,0,0,,1,0,0,0,1,1
