
[OVERHEADLINE SETTING]
FORMAT_OVERHEADLINESETTING=SectionID,DeviceNumber,DeviceStage,Flags,InitFromEquipFlags,LineCableID,Length,ConnectionStatus,CoordX,CoordY,HarmonicModel,FlowConstraintActive,FlowConstraintUnit,MaximumFlow,SeriesCompensationActive,MaxReactanceMultiplier,SeriesCompensationCost

OH_4656,OH_4656,,0,0,3P_22 KV_ACSR-95SQMM,13.44371751,0,0,0,2,0,0,100,0,50,0
OH_4660,OH_4660,,0,0,3P_22 KV_ACSR-95SQMM,118.12587891,0,0,0,2,0,0,100,0,50,0
OH_4670,OH_4670,,0,0,3P_22 KV_ACSR-95SQMM,110.95370547,0,0,0,2,0,0,100,0,50,0
OH_4680,OH_4680,,0,0,3P_22 KV_ACV-70SQMM,225.86903994,0,0,0,2,0,0,100,0,50,0
OH_4682,OH_4682,,0,0,3P_22 KV_ACSR-95SQMM,18.60053198,0,0,0,2,0,0,100,0,50,0
OH_4709,OH_4709,,0,0,3P_22 KV_ACV-70SQMM,545.96933280,0,0,0,2,0,0,100,0,50,0
OH_4710,OH_4710,,0,0,3P_22 KV_ACV-70SQMM,34.02196870,0,0,0,2,0,0,100,0,50,0
OH_4716,OH_4716,,0,0,3P_22 KV_ACV-70SQMM,180.23605042,0,0,0,2,0,0,100,0,50,0
OH_4723,OH_4723,,0,0,3P_22 KV_ACSR-95SQMM,25.94165905,0,0,0,2,0,0,100,0,50,0
OH_4804,OH_4804,,0,0,3P_22 KV_ACV-185SQMM,684.63370610,0,0,0,2,0,0,100,0,50,0
OH_4805,OH_4805,,0,0,3P_22 KV_ACSR-95SQMM,142.01032972,0,0,0,2,0,0,100,0,50,0
OH_4806,OH_4806,,0,0,3P_22 KV_ACV-185SQMM,805.74582887,0,0,0,2,0,0,100,0,50,0
OH_4807,OH_4807,,0,0,3P_22 KV_ACV-70SQMM,744.34322716,0,0,0,2,0,0,100,0,50,0
OH_4808,OH_4808,,0,0,3P_22 KV_ACSR-70SQMM,251.40240902,0,0,0,2,0,0,100,0,50,0
OH_4809,OH_4809,,0,0,3P_22 KV_ACSR-95SQMM,1079.30188258,0,0,0,2,0,0,100,0,50,0
OH_4810,OH_4810,,0,0,3P_22 KV_ACSR-95SQMM,538.87894825,0,0,0,2,0,0,100,0,50,0
OH_4811,OH_4811,,0,0,3P_22 KV_ACSR-95SQMM,320.25715252,0,0,0,2,0,0,100,0,50,0
OH_4819,OH_4819,,0,0,3P_22 KV_ACSR-95SQMM,965.32895639,0,0,0,2,0,0,100,0,50,0
OH_4820,OH_4820,,0,0,3P_22 KV_ACSR-95SQMM,1325.24999170,0,0,0,2,0,0,100,0,50,0
OH_4821,OH_4821,,0,0,3P_22 KV_ACSR-95SQMM,100.86736701,0,0,0,2,0,0,100,0,50,0
OH_4822,OH_4822,,0,0,3P_22 KV_ACSR-50SQMM,393.49848251,0,0,0,2,0,0,100,0,50,0
OH_4823,OH_4823,,0,0,3P_22 KV_ACSR-95SQMM,605.75237408,0,0,0,2,0,0,100,0,50,0
OH_4825,OH_4825,,0,0,3P_22 KV_ACSR-95SQMM,382.54783938,0,0,0,2,0,0,100,0,50,0
OH_4826,OH_4826,,0,0,3P_22 KV_ACSR-95SQMM,1492.35058913,0,0,0,2,0,0,100,0,50,0
OH_4827,OH_4827,,0,0,3P_22 KV_ACSR-95SQMM,949.55602152,0,0,0,2,0,0,100,0,50,0
OH_4828,OH_4828,,0,0,3P_22 KV_ACSR-95SQMM,17.18251948,0,0,0,2,0,0,100,0,50,0
OH_4829,OH_4829,,0,0,3P_22 KV_ACSR-95SQMM,963.66947710,0,0,0,2,0,0,100,0,50,0
OH_4830,OH_4830,,0,0,3P_22 KV_ACSR-95SQMM,1170.75387171,0,0,0,2,0,0,100,0,50,0
OH_4831,OH_4831,,0,0,3P_22 KV_ACSR-95SQMM,1233.66652229,0,0,0,2,0,0,100,0,50,0
OH_4832,OH_4832,,0,0,3P_22 KV_ACSR-95SQMM,109.69359721,0,0,0,2,0,0,100,0,50,0
OH_4859,OH_4859,,0,0,3P_22 KV_ACV-185SQMM,1306.35820190,0,0,0,2,0,0,100,0,50,0
OH_5399,OH_5399,,0,0,3P_22 KV_ACSR-95SQMM,1.15578614,0,0,0,2,0,0,100,0,50,0
OH_5419,OH_5419,,0,0,3P_22 KV_ACV-185SQMM,0.49999533,0,0,0,2,0,0,100,0,50,0
OH_5420,OH_5420,,0,0,3P_22 KV_ACV-70SQMM,46.37839076,0,0,0,2,0,0,100,0,50,0
OH_5421,OH_5421,,0,0,3P_22 KV_ACSR-95SQMM,0.50004682,0,0,0,2,0,0,100,0,50,0
OH_5422,OH_5422,,0,0,3P_22 KV_ACSR-95SQMM,0.49997745,0,0,0,2,0,0,100,0,50,0
OH_5423,OH_5423,,0,0,3P_22 KV_ACV-185SQMM,0.50002389,0,0,0,2,0,0,100,0,50,0
OH_5563,OH_5563,,0,0,3P_22 KV_ACSR-95SQMM,0.50002466,0,0,0,2,0,0,100,0,50,0
OH_5564,OH_5564,,0,0,3P_22 KV_ACSR-95SQMM,20.14295931,0,0,0,2,0,0,100,0,50,0
OH_5565,OH_5565,,0,0,3P_22 KV_ACSR-95SQMM,246.65447859,0,0,0,2,0,0,100,0,50,0
OH_5566,OH_5566,,0,0,3P_22 KV_ACSR-95SQMM,0.50000025,0,0,0,2,0,0,100,0,50,0
OH_5567,OH_5567,,0,0,3P_22 KV_ACSR-95SQMM,0.49998580,0,0,0,2,0,0,100,0,50,0
OH_5568,OH_5568,,0,0,3P_22 KV_ACSR-95SQMM,54.13586132,0,0,0,2,0,0,100,0,50,0
OH_5569,OH_5569,,0,0,3P_22 KV_ACSR-95SQMM,68.12050139,0,0,0,2,0,0,100,0,50,0
OH_5570,OH_5570,,0,0,3P_22 KV_ACSR-50SQMM,43.11048400,0,0,0,2,0,0,100,0,50,0
OH_5571,OH_5571,,0,0,3P_22 KV_ACSR-95SQMM,0.50048139,0,0,0,2,0,0,100,0,50,0
OH_5572,OH_5572,,0,0,3P_22 KV_ACSR-95SQMM,0.49958401,0,0,0,2,0,0,100,0,50,0
OH_5573,OH_5573,,0,0,3P_22 KV_ACSR-95SQMM,0.49997252,0,0,0,2,0,0,100,0,50,0
OH_5574,OH_5574,,0,0,3P_22 KV_ACV-185SQMM,0.50001833,0,0,0,2,0,0,100,0,50,0
OH_5575,OH_5575,,0,0,3P_22 KV_ACSR-95SQMM,0.50002986,0,0,0,2,0,0,100,0,50,0
OH_5576,OH_5576,,0,0,3P_22 KV_ACV-70SQMM,0.49995970,0,0,0,2,0,0,100,0,50,0
OH_5578,OH_5578,,0,0,3P_22 KV_ACV-70SQMM,46.49851981,0,0,0,2,0,0,100,0,50,0
OH_5579,OH_5579,,0,0,3P_22 KV_ACV-70SQMM,339.17142541,0,0,0,2,0,0,100,0,50,0
OH_5585,OH_5585,,0,0,3P_22 KV_ACSR-95SQMM,0.50003985,0,0,0,2,0,0,100,0,50,0
OH_5592,OH_5592,,0,0,3P_22 KV_ACSR-95SQMM,522.42921518,0,0,0,2,0,0,100,0,50,0
OH_5631,OH_5631,,0,0,3P_22 KV_ACSR-95SQMM,1718.00819826,0,0,0,2,0,0,100,0,50,0
OH_5635,OH_5635,,0,0,3P_22 KV_ACSR-95SQMM,58.09133887,0,0,0,2,0,0,100,0,50,0
OH_5660,OH_5660,,0,0,3P_22 KV_ACV-70SQMM,59.99372019,0,0,0,2,0,0,100,0,50,0
OH_5661,OH_5661,,0,0,3P_22 KV_ACV-70SQMM,66.95487462,0,0,0,2,0,0,100,0,50,0
OH_5667,OH_5667,,0,0,3P_22 KV_ACSR-95SQMM,888.26836638,0,0,0,2,0,0,100,0,50,0
OH_5699,OH_5699,,0,0,3P_22 KV_ACV-70SQMM,376.48787165,0,0,0,2,0,0,100,0,50,0
OH_5700,OH_5700,,0,0,3P_22 KV_ACSR-95SQMM,243.98372701,0,0,0,2,0,0,100,0,50,0
OH_5703,OH_5703,,0,0,3P_22 KV_ACSR-95SQMM,624.01289576,0,0,0,2,0,0,100,0,50,0
OH_5704,OH_5704,,0,0,3P_22 KV_ACSR-95SQMM,336.93738970,0,0,0,2,0,0,100,0,50,0
OH_5705,OH_5705,,0,0,3P_22 KV_ACSR-95SQMM,1066.26781185,0,0,0,2,0,0,100,0,50,0
OH_5706,OH_5706,,0,0,3P_22 KV_ACSR-95SQMM,269.01455795,0,0,0,2,0,0,100,0,50,0
OH_5719,OH_5719,,0,0,3P_22 KV_ACV-70SQMM,36.24365602,0,0,0,2,0,0,100,0,50,0
OH_5721,OH_5721,,0,0,3P_22 KV_ACSR-95SQMM,272.68381226,0,0,0,2,0,0,100,0,50,0
OH_5724,OH_5724,,0,0,3P_22 KV_ACSR-95SQMM,289.56327932,0,0,0,2,0,0,100,0,50,0
OH_5730,OH_5730,,0,0,3P_22 KV_ACSR-95SQMM,86.81875392,0,0,0,2,0,0,100,0,50,0
OH_5732,OH_5732,,0,0,3P_22 KV_ACSR-70SQMM,103.21549077,0,0,0,2,0,0,100,0,50,0
OH_5747,OH_5747,,0,0,3P_22 KV_ACSR-95SQMM,676.57180087,0,0,0,2,0,0,100,0,50,0
OH_5749,OH_5749,,0,0,3P_22 KV_ACV-70SQMM,247.23078422,0,0,0,2,0,0,100,0,50,0
OH_5761,OH_5761,,0,0,3P_22 KV_ACSR-95SQMM,715.77741822,0,0,0,2,0,0,100,0,50,0
OH_5772,OH_5772,,0,0,3P_22 KV_ACV-185SQMM,104.41658590,0,0,0,2,0,0,100,0,50,0
OH_5774,OH_5774,,0,0,3P_22 KV_ACSR-95SQMM,335.85626146,0,0,0,2,0,0,100,0,50,0
OH_5776,OH_5776,,0,0,3P_22 KV_ACSR-95SQMM,37.22132218,0,0,0,2,0,0,100,0,50,0
OH_5798,OH_5798,,0,0,3P_22 KV_ACV-185SQMM,351.18895297,0,0,0,2,0,0,100,0,50,0
OH_5801,OH_5801,,0,0,3P_22 KV_ACSR-95SQMM,311.03841276,0,0,0,2,0,0,100,0,50,0
OH_5807,OH_5807,,0,0,3P_22 KV_ACSR-95SQMM,185.25948442,0,0,0,2,0,0,100,0,50,0
OH_5811,OH_5811,,0,0,3P_22 KV_ACSR-95SQMM,233.60758681,0,0,0,2,0,0,100,0,50,0
OH_5814,OH_5814,,0,0,3P_22 KV_ACSR-95SQMM,667.82127425,0,0,0,2,0,0,100,0,50,0
OH_5815,OH_5815,,0,0,3P_22 KV_ACV-185SQMM,52.87260633,0,0,0,2,0,0,100,0,50,0
OH_5816,OH_5816,,0,0,3P_22 KV_ACV-185SQMM,353.62116082,0,0,0,2,0,0,100,0,50,0
OH_5855,OH_5855,,0,0,3P_22 KV_ACSR-95SQMM,48.38723722,0,0,0,2,0,0,100,0,50,0
OH_5856,OH_5856,,0,0,3P_22 KV_ACSR-95SQMM,55.96954950,0,0,0,2,0,0,100,0,50,0
OH_5857,OH_5857,,0,0,3P_22 KV_ACSR-95SQMM,28.37643797,0,0,0,2,0,0,100,0,50,0
OH_5858,OH_5858,,0,0,3P_22 KV_ACSR-95SQMM,872.01673963,0,0,0,2,0,0,100,0,50,0
OH_5859,OH_5859,,0,0,3P_22 KV_ACSR-95SQMM,834.70039358,0,0,0,2,0,0,100,0,50,0
OH_5860,OH_5860,,0,0,3P_22 KV_ACSR-95SQMM,77.21033929,0,0,0,2,0,0,100,0,50,0
OH_5861,OH_5861,,0,0,3P_22 KV_ACV-185SQMM,133.43780932,0,0,0,2,0,0,100,0,50,0
OH_5862,OH_5862,,0,0,3P_22 KV_ACV-185SQMM,53.85089455,0,0,0,2,0,0,100,0,50,0
OH_5864,OH_5864,,0,0,3P_22 KV_ACSR-95SQMM,529.16057934,0,0,0,2,0,0,100,0,50,0
OH_5902,OH_5902,,0,0,3P_22 KV_ACV-185SQMM,53.85089455,0,0,0,2,0,0,100,0,50,0
OH_5903,OH_5903,,0,0,3P_22 KV_ACV-185SQMM,351.18895297,0,0,0,2,0,0,100,0,50,0
BB_4870,BB_4870,,0,0,3P_22 KV_ACSR-95SQMM,0.50000000,0,0,0,2,0,0,100,0,50,0
BB_4871,BB_4871,,0,0,3P_22 KV_ACSR-95SQMM,0.50000000,0,0,0,2,0,0,100,0,50,0
BB_4878,BB_4878,,0,0,3P_22 KV_SQMM,0.50000000,0,0,0,2,0,0,100,0,50,0
BB_4879,BB_4879,,0,0,3P_22 KV_SQMM,0.50000000,0,0,0,2,0,0,100,0,50,0
BB_4886,BB_4886,,0,0,3P_22 KV_SQMM,0.50000000,0,0,0,2,0,0,100,0,50,0
BB_4887,BB_4887,,0,0,3P_22 KV_SQMM,0.50000000,0,0,0,2,0,0,100,0,50,0
BB_4888,BB_4888,,0,0,3P_22 KV_ACSR-95SQMM,0.50000000,0,0,0,2,0,0,100,0,50,0
BB_4889,BB_4889,,0,0,3P_22 KV_ACSR-95SQMM,0.50000000,0,0,0,2,0,0,100,0,50,0
BB_4896,BB_4896,,0,0,3P_22 KV_ACV-70SQMM,0.50000000,0,0,0,2,0,0,100,0,50,0
BB_4897,BB_4897,,0,0,3P_22 KV_ACV-70SQMM,0.50000000,0,0,0,2,0,0,100,0,50,0
BB_4908,BB_4908,,0,0,3P_22 KV_SQMM,0.50000000,0,0,0,2,0,0,100,0,50,0
BB_4909,BB_4909,,0,0,3P_22 KV_SQMM,0.50000000,0,0,0,2,0,0,100,0,50,0
BB_4928,BB_4928,,0,0,3P_22 KV_ACSR-95SQMM,0.50000000,0,0,0,2,0,0,100,0,50,0
BB_4929,BB_4929,,0,0,3P_22 KV_ACSR-95SQMM,0.50000000,0,0,0,2,0,0,100,0,50,0
BB_4932,BB_4932,,0,0,3P_22 KV_SQMM,0.50000000,0,0,0,2,0,0,100,0,50,0
BB_4933,BB_4933,,0,0,3P_22 KV_SQMM,0.50000000,0,0,0,2,0,0,100,0,50,0
BB_4936,BB_4936,,0,0,3P_22 KV_ACSR-95SQMM,0.50000000,0,0,0,2,0,0,100,0,50,0
BB_4937,BB_4937,,0,0,3P_22 KV_ACSR-95SQMM,0.50000000,0,0,0,2,0,0,100,0,50,0
BB_4944,BB_4944,,0,0,3P_22 KV_SQMM,0.50000000,0,0,0,2,0,0,100,0,50,0
BB_4945,BB_4945,,0,0,3P_22 KV_SQMM,0.50000000,0,0,0,2,0,0,100,0,50,0
BB_4962,BB_4962,,0,0,3P_22 KV_ACSR-95SQMM,0.50000000,0,0,0,2,0,0,100,0,50,0
BB_4963,BB_4963,,0,0,3P_22 KV_ACSR-95SQMM,0.50000000,0,0,0,2,0,0,100,0,50,0
BB_4996,BB_4996,,0,0,3P_22 KV_ACSR-95SQMM,0.50000000,0,0,0,2,0,0,100,0,50,0
BB_4997,BB_4997,,0,0,3P_22 KV_ACSR-95SQMM,0.50000000,0,0,0,2,0,0,100,0,50,0
BB_5014,BB_5014,,0,0,3P_22 KV_ACSR-95SQMM,0.50000000,0,0,0,2,0,0,100,0,50,0
BB_5015,BB_5015,,0,0,3P_22 KV_ACSR-95SQMM,0.50000000,0,0,0,2,0,0,100,0,50,0
BB_5020,BB_5020,,0,0,3P_22 KV_SQMM,0.50000000,0,0,0,2,0,0,100,0,50,0
BB_5021,BB_5021,,0,0,3P_22 KV_SQMM,0.50000000,0,0,0,2,0,0,100,0,50,0
BB_5028,BB_5028,,0,0,3P_22 KV_SQMM,0.50000000,0,0,0,2,0,0,100,0,50,0
BB_5029,BB_5029,,0,0,3P_22 KV_SQMM,0.50000000,0,0,0,2,0,0,100,0,50,0
BB_5046,BB_5046,,0,0,3P_22 KV_ACSR-95SQMM,0.50000000,0,0,0,2,0,0,100,0,50,0
BB_5047,BB_5047,,0,0,3P_22 KV_ACSR-95SQMM,0.50000000,0,0,0,2,0,0,100,0,50,0
BB_5064,BB_5064,,0,0,3P_22 KV_ACSR-95SQMM,0.50000000,0,0,0,2,0,0,100,0,50,0
BB_5065,BB_5065,,0,0,3P_22 KV_ACSR-95SQMM,0.50000000,0,0,0,2,0,0,100,0,50,0
BB_5092,BB_5092,,0,0,3P_22 KV_ACSR-95SQMM,0.50000000,0,0,0,2,0,0,100,0,50,0
BB_5093,BB_5093,,0,0,3P_22 KV_ACSR-95SQMM,0.50000000,0,0,0,2,0,0,100,0,50,0
BB_5108,BB_5108,,0,0,3P_22 KV_ACSR-95SQMM,0.50000000,0,0,0,2,0,0,100,0,50,0
BB_5109,BB_5109,,0,0,3P_22 KV_ACSR-95SQMM,0.50000000,0,0,0,2,0,0,100,0,50,0
BB_5110,BB_5110,,0,0,3P_22 KV_SQMM,0.50000000,0,0,0,2,0,0,100,0,50,0
BB_5111,BB_5111,,0,0,3P_22 KV_SQMM,0.50000000,0,0,0,2,0,0,100,0,50,0
BB_5118,BB_5118,,0,0,3P_22 KV_ACV-70SQMM,0.50000000,0,0,0,2,0,0,100,0,50,0
BB_5119,BB_5119,,0,0,3P_22 KV_ACV-70SQMM,0.50000000,0,0,0,2,0,0,100,0,50,0
BB_5142,BB_5142,,0,0,3P_22 KV_SQMM,0.50000000,0,0,0,2,0,0,100,0,50,0
BB_5143,BB_5143,,0,0,3P_22 KV_SQMM,0.50000000,0,0,0,2,0,0,100,0,50,0
BB_5150,BB_5150,,0,0,3P_22 KV_SQMM,0.50000000,0,0,0,2,0,0,100,0,50,0
BB_5151,BB_5151,,0,0,3P_22 KV_SQMM,0.50000000,0,0,0,2,0,0,100,0,50,0
BB_5156,BB_5156,,0,0,3P_22 KV_SQMM,0.50000000,0,0,0,2,0,0,100,0,50,0
BB_5157,BB_5157,,0,0,3P_22 KV_SQMM,0.50000000,0,0,0,2,0,0,100,0,50,0
BB_5160,BB_5160,,0,0,3P_22 KV_SQMM,0.50000000,0,0,0,2,0,0,100,0,50,0
BB_5161,BB_5161,,0,0,3P_22 KV_SQMM,0.50000000,0,0,0,2,0,0,100,0,50,0
BB_5212,BB_5212,,0,0,3P_22 KV_ACSR-50SQMM,0.50000000,0,0,0,2,0,0,100,0,50,0
BB_5213,BB_5213,,0,0,3P_22 KV_ACSR-50SQMM,0.50000000,0,0,0,2,0,0,100,0,50,0
BB_5222,BB_5222,,0,0,3P_22 KV_ACSR-95SQMM,0.50000000,0,0,0,2,0,0,100,0,50,0
BB_5223,BB_5223,,0,0,3P_22 KV_ACSR-95SQMM,0.50000000,0,0,0,2,0,0,100,0,50,0
BB_5224,BB_5224,,0,0,3P_22 KV_ACV-70SQMM,0.50000000,0,0,0,2,0,0,100,0,50,0
BB_5225,BB_5225,,0,0,3P_22 KV_ACV-70SQMM,0.50000000,0,0,0,2,0,0,100,0,50,0
BB_5226,BB_5226,,0,0,3P_22 KV_ACSR-95SQMM,0.50000000,0,0,0,2,0,0,100,0,50,0
BB_5227,BB_5227,,0,0,3P_22 KV_ACSR-95SQMM,0.50000000,0,0,0,2,0,0,100,0,50,0
BB_5252,BB_5252,,0,0,3P_22 KV_ACSR-95SQMM,0.50000000,0,0,0,2,0,0,100,0,50,0
BB_5253,BB_5253,,0,0,3P_22 KV_ACSR-95SQMM,0.50000000,0,0,0,2,0,0,100,0,50,0
BB_5260,BB_5260,,0,0,3P_22 KV_ACV-70SQMM,0.50000000,0,0,0,2,0,0,100,0,50,0
BB_5261,BB_5261,,0,0,3P_22 KV_ACV-70SQMM,0.50000000,0,0,0,2,0,0,100,0,50,0
BB_5266,BB_5266,,0,0,3P_22 KV_ACV-70SQMM,0.50000000,0,0,0,2,0,0,100,0,50,0
BB_5267,BB_5267,,0,0,3P_22 KV_ACV-70SQMM,0.50000000,0,0,0,2,0,0,100,0,50,0
BB_5282,BB_5282,,0,0,3P_22 KV_SQMM,0.50000000,0,0,0,2,0,0,100,0,50,0
BB_5283,BB_5283,,0,0,3P_22 KV_SQMM,0.50000000,0,0,0,2,0,0,100,0,50,0
BB_5292,BB_5292,,0,0,3P_22 KV_SQMM,0.50000000,0,0,0,2,0,0,100,0,50,0
BB_5293,BB_5293,,0,0,3P_22 KV_SQMM,0.50000000,0,0,0,2,0,0,100,0,50,0
BB_5296,BB_5296,,0,0,3P_22 KV_ACSR-95SQMM,0.50000000,0,0,0,2,0,0,100,0,50,0
BB_5297,BB_5297,,0,0,3P_22 KV_ACSR-95SQMM,0.50000000,0,0,0,2,0,0,100,0,50,0
BB_5322,BB_5322,,0,0,3P_22 KV_ACSR-95SQMM,0.50000000,0,0,0,2,0,0,100,0,50,0
BB_5323,BB_5323,,0,0,3P_22 KV_ACSR-95SQMM,0.50000000,0,0,0,2,0,0,100,0,50,0
BB_5328,BB_5328,,0,0,3P_22 KV_SQMM,0.50000000,0,0,0,2,0,0,100,0,50,0
BB_5329,BB_5329,,0,0,3P_22 KV_SQMM,0.50000000,0,0,0,2,0,0,100,0,50,0
BB_5352,BB_5352,,0,0,3P_22 KV_SQMM,0.50000000,0,0,0,2,0,0,100,0,50,0
BB_5353,BB_5353,,0,0,3P_22 KV_SQMM,0.50000000,0,0,0,2,0,0,100,0,50,0
BB_5400,BB_5400,,0,0,3P_22 KV_SQMM,0.70000000,0,0,0,2,0,0,100,0,50,0
BB_5401,BB_5401,,0,0,3P_22 KV_SQMM,0.70000000,0,0,0,2,0,0,100,0,50,0
BB_5402,BB_5402,,0,0,3P_22 KV_SQMM,0.70000000,0,0,0,2,0,0,100,0,50,0
BB_5403,BB_5403,,0,0,3P_22 KV_SQMM,0.70000000,0,0,0,2,0,0,100,0,50,0
BB_5404,BB_5404,,0,0,3P_22 KV_SQMM,0.70000000,0,0,0,2,0,0,100,0,50,0
BB_5405,BB_5405,,0,0,3P_22 KV_SQMM,0.70000000,0,0,0,2,0,0,100,0,50,0
BB_5406,BB_5406,,0,0,3P_22 KV_SQMM,0.70000000,0,0,0,2,0,0,100,0,50,0
BB_5415,BB_5415,,0,0,3P_22 KV_SQMM,0.70000000,0,0,0,2,0,0,100,0,50,0
BB_5416,BB_5416,,0,0,3P_22 KV_SQMM,0.72909038,0,0,0,2,0,0,100,0,50,0
BB_5417,BB_5417,,0,0,3P_22 KV_SQMM,0.70000000,0,0,0,2,0,0,100,0,50,0
BB_5418,BB_5418,,0,0,3P_22 KV_SQMM,0.70000000,0,0,0,2,0,0,100,0,50,0
BB_5577,BB_5577,,0,0,3P_22 KV_SQMM,1.00000000,0,0,0,2,0,0,100,0,50,0
BB_5879,BB_5879,,0,0,3P_22 KV_SQMM,0.70000000,0,0,0,2,0,0,100,0,50,0
BB_5895,BB_5895,,0,0,3P_22 KV_SQMM,0.70000000,0,0,0,2,0,0,100,0,50,0
