
[INTERMEDIATE NODES]
FORMAT_INTERMEDIATENODE=SectionID,SeqNumber,CoordX,CoordY,IsBreakPoint,BreakPointLocation
               
OH_4660,1,753399.705979027,1834171.9986752,,
OH_4670,1,753989.933455976,1833403.16207239,,
OH_4680,1,752421.768002432,1834704.45828144,,
OH_4680,2,752383.421968567,1834747.58712571,,
OH_4680,3,752351.59953007,1834780.9392431,,
OH_4680,4,752322.644434838,1834804.82470529,,
OH_4709,1,751936.594691934,1835803.93613416,,
OH_4709,2,751888.78656518,1835766.19736545,,
OH_4709,3,751874.915261367,1835694.8841372,,
OH_4709,4,751839.626340474,1835639.6836635,,
OH_4709,5,751819.521475649,1835577.83082982,,
OH_4709,6,751785.623926866,1835526.02700072,,
OH_4709,7,751756.811325621,1835464.96086778,,
OH_4709,8,751716.181514231,1835434.70617238,,
OH_4709,9,751682.881857234,1835441.60733681,,
OH_4716,1,754045.499753894,1833508.89495916,,
OH_4716,2,754071.100618865,1833534.69908265,,
OH_4716,3,754120.245926646,1833578.01286448,,
OH_4804,1,753724.884141467,1833671.42506123,,
OH_4804,2,753695.290718448,1833690.89291906,,
OH_4804,3,753667.966613749,1833708.06241847,,
OH_4804,4,753626.870118161,1833734.14772962,,
OH_4804,5,753580.55866664,1833767.81079027,,
OH_4804,6,753557.549773187,1833781.26724591,,
OH_4804,7,753516.612063215,1833812.00468613,,
OH_4804,8,753487.937437937,1833825.94773413,,
OH_4804,9,753454.767631132,1833849.91279178,,
OH_4804,10,753424.029092963,1833866.93154195,,
OH_4804,11,753393.458050082,1833887.93808782,,
OH_4804,12,753363.169748642,1833911.93745621,,
OH_4804,13,753333.653417882,1833934.06470167,,
OH_4804,14,753369.690851345,1833992.50613385,,
OH_4804,15,753387.798618899,1834023.27685547,,
OH_4804,16,753404.834357585,1834054.47888922,,
OH_4805,1,753478.79771908,1834183.23229726,,
OH_4805,2,753493.289789153,1834216.245548,,
OH_4806,1,753082.391694503,1834180.09444516,,
OH_4806,2,753043.0096227,1834214.83674097,,
OH_4806,3,752954.593421273,1834293.39136112,,
OH_4806,4,752885.470766145,1834341.60104824,,
OH_4806,5,752847.646241604,1834379.86173326,,
OH_4806,6,752811.689885257,1834414.62376382,,
OH_4806,7,752771.124613023,1834442.39288643,,
OH_4806,8,752749.480970907,1834468.57076845,,
OH_4806,9,752715.840233328,1834498.13004539,,
OH_4806,10,752682.534999443,1834526.5905944,,
OH_4806,11,752655.456693504,1834552.24162271,,
OH_4806,12,752642.696948039,1834570.04691662,,
OH_4806,13,752609.599133244,1834606.1936547,,
OH_4806,14,752591.925826652,1834610.96735837,,
OH_4806,15,752540.655201971,1834649.00229263,,
OH_4806,16,752508.47319196,1834679.95521495,,
OH_4807,1,752546.854664187,1834766.1016795,,
OH_4807,2,752571.839851088,1834738.82825053,,
OH_4807,3,752604.269218645,1834777.40769218,,
OH_4807,4,752637.647700686,1834816.99484106,,
OH_4807,5,752569.573130539,1834849.51812736,,
OH_4807,6,752573.39519544,1834887.53753404,,
OH_4807,7,752582.972737755,1834962.60494562,,
OH_4807,8,752592.159406076,1834986.73861176,,
OH_4807,9,752631.909798619,1834976.25015524,,
OH_4807,10,752644.53832115,1835022.47015942,,
OH_4807,11,752661.375142399,1835072.97361634,,
OH_4807,12,752680.5262125,1835133.53746871,,
OH_4807,13,752637.324846819,1835145.3369049,,
OH_4807,14,752598.906484914,1835150.45692869,,
OH_4808,1,752259.936492093,1835067.85164968,,
OH_4808,2,752241.348521208,1835023.45721013,,
OH_4808,3,752195.743182947,1835042.84862824,,
OH_4808,4,752147.68493016,1835062.09941602,,
OH_4809,1,751126.889425755,1834152.09406893,,
OH_4809,2,751079.085853441,1834150.39436114,,
OH_4809,3,751032.078886087,1834132.48113292,,
OH_4809,4,751032.504144472,1834117.61497407,,
OH_4809,5,750976.893180548,1834096.08697145,,
OH_4809,6,750924.165069112,1834067.3466582,,
OH_4809,7,750863.504458639,1834041.28365495,,
OH_4809,8,750794.025673374,1834011.46181305,,
OH_4809,9,750734.316535534,1833986.18425344,,
OH_4809,10,750678.980496116,1833961.29020117,,
OH_4809,11,750606.952160733,1833930.33317182,,
OH_4809,12,750559.443439948,1833911.62031235,,
OH_4809,13,750511.313303013,1833891.35030862,,
OH_4809,14,750463.858466517,1833868.09904858,,
OH_4809,15,750420.751003896,1833847.4451478,,
OH_4809,16,750369.946538276,1833827.58709367,,
OH_4809,17,750325.932915185,1833811.35136702,,
OH_4809,18,750297.844796836,1833766.29482101,,
OH_4809,19,750272.403277756,1833723.15138201,,
OH_4810,1,752086.538387625,1834515.44286771,,
OH_4810,2,752061.965076988,1834544.04912627,,
OH_4810,3,752006.038560625,1834587.67798901,,
OH_4810,4,751949.577221596,1834631.41028085,,
OH_4810,5,751901.138249081,1834673.90849082,,
OH_4810,6,751839.468725662,1834715.58686775,,
OH_4810,7,751785.85016042,1834753.7064752,,
OH_4810,8,751723.027533082,1834793.71083992,,
OH_4810,9,751689.924850274,1834812.36461696,,
OH_4811,1,751682.418642725,1834833.20258836,,
OH_4811,2,751676.794872456,1834872.46681896,,
OH_4811,3,751665.911380308,1834920.58397709,,
OH_4811,4,751651.697879733,1834967.13855417,,
OH_4811,5,751640.209601108,1835027.01094907,,
OH_4811,6,751647.251641583,1835081.89757876,,
OH_4819,1,750018.863294159,1833828.22069197,,
OH_4819,2,750031.912237826,1833845.56016146,,
OH_4819,3,750051.138193445,1833899.81278128,,
OH_4819,4,750075.452096179,1833957.33663615,,
OH_4819,5,750084.142700069,1834054.31247299,,
OH_4819,6,750091.985713754,1834150.61304754,,
OH_4819,7,750098.327422008,1834247.56260751,,
OH_4819,8,750109.881960399,1834346.12195086,,
OH_4819,9,750119.618598301,1834444.99223219,,
OH_4819,10,750128.091858171,1834541.95679283,,
OH_4819,11,750136.680259611,1834602.18349686,,
OH_4819,12,750071.689832319,1834663.53471244,,
OH_4820,1,748250.302205408,1832411.15394232,,
OH_4820,2,748182.003073163,1832389.43850509,,
OH_4820,3,748106.968834504,1832368.42045614,,
OH_4820,4,748036.213742039,1832346.78692823,,
OH_4820,5,747971.73733256,1832326.77823037,,
OH_4820,6,747900.177409718,1832310.00708906,,
OH_4820,7,747835.802353891,1832290.55367476,,
OH_4820,8,747766.931677045,1832272.04381619,,
OH_4820,9,747704.13616153,1832254.48907756,,
OH_4820,10,747657.220712746,1832193.27705487,,
OH_4820,11,747619.056599741,1832141.57682925,,
OH_4820,12,747579.41144208,1832088.75359176,,
OH_4820,13,747559.212991969,1832025.52565725,,
OH_4820,14,747526.911998405,1831956.28913656,,
OH_4820,15,747501.766946318,1831886.80414712,,
OH_4820,16,747477.471340629,1831826.96113135,,
OH_4820,17,747454.442175567,1831759.04962878,,
OH_4820,18,747424.917797473,1831689.62621129,,
OH_4821,1,749947.425251577,1833042.78546409,,
OH_4821,2,749919.935090002,1833074.46102659,,
OH_4822,1,748976.197392971,1832861.63708672,,
OH_4822,2,748951.547171389,1832885.82931394,,
OH_4822,3,748915.515234342,1832936.00536627,,
OH_4822,4,748875.678577366,1832973.62896905,,
OH_4822,5,748812.449325163,1832929.27298121,,
OH_4822,6,748796.493541659,1832970.05248745,,
OH_4822,7,748783.487581462,1833004.99737115,,
OH_4823,1,747280.54729583,1831606.58843891,,
OH_4823,2,747236.655383497,1831597.88860883,,
OH_4823,3,747102.54070032,1831592.63107652,,
OH_4823,4,747075.303842196,1831589.16647222,,
OH_4823,5,747005.098034831,1831584.37116293,,
OH_4823,6,746960.593389337,1831582.41934123,,
OH_4823,7,746912.134495235,1831580.75433625,,
OH_4823,8,746862.847167101,1831576.86679525,,
OH_4823,9,746816.766540788,1831572.68192248,,
OH_4823,10,746768.764105743,1831568.47736575,,
OH_4825,1,747167.77256326,1828324.36169013,,
OH_4825,2,747216.92551709,1828312.74901386,,
OH_4825,3,747258.223603116,1828306.2482571,,
OH_4825,4,747300.686112493,1828300.64876684,,
OH_4825,5,747352.450329533,1828284.8581981,,
OH_4825,6,747390.437116785,1828278.43138622,,
OH_4825,7,747427.986505292,1828272.88517941,,
OH_4825,8,747473.83198614,1828261.01366102,,
OH_4826,1,745369.79905391,1827357.63169457,,
OH_4826,2,745308.010108043,1827362.79535689,,
OH_4826,3,745254.652415275,1827368.38649421,,
OH_4826,4,745202.391464649,1827371.55444151,,
OH_4826,5,745159.498724357,1827377.3758642,,
OH_4826,6,745112.01668694,1827382.92241382,,
OH_4826,7,745057.893704681,1827390.16582658,,
OH_4826,8,745007.330398137,1827394.24047541,,
OH_4826,9,744957.183711453,1827399.42475289,,
OH_4826,10,744902.785899771,1827402.68110212,,
OH_4826,11,744845.0618385,1827407.22577997,,
OH_4826,12,744800.444317913,1827414.46735824,,
OH_4826,13,744767.86833462,1827414.76183938,,
OH_4826,14,744735.089174951,1827423.35512454,,
OH_4826,15,744669.638836462,1827421.83635776,,
OH_4826,16,744605.150543378,1827439.03742534,,
OH_4826,17,744578.820844535,1827453.46216612,,
OH_4826,18,744528.62882672,1827481.34330281,,
OH_4826,19,744482.825274798,1827508.38899378,,
OH_4826,20,744448.714273997,1827530.9177219,,
OH_4826,21,744400.148298905,1827556.71424435,,
OH_4826,22,744369.493449149,1827575.85050772,,
OH_4826,23,744326.067351925,1827600.48780085,,
OH_4826,24,744290.562289087,1827623.44383903,,
OH_4826,25,744245.222989624,1827647.2845686,,
OH_4826,26,744210.259182966,1827669.80403224,,
OH_4826,27,744141.442740279,1827710.87142991,,
OH_4826,28,744091.425855715,1827704.54548919,,
OH_4827,1,746850.5821,1827720.44089889,,
OH_4827,2,746901.665743361,1827708.18624097,,
OH_4827,3,746937.437388939,1827699.40814401,,
OH_4827,4,746993.885756656,1827685.11070662,,
OH_4827,5,747039.792266545,1827670.14645782,,
OH_4827,6,747064.222667332,1827641.24620646,,
OH_4827,7,747064.976010619,1827594.45735265,,
OH_4827,8,747051.34888635,1827546.36536131,,
OH_4827,9,747060.127461507,1827489.70477531,,
OH_4827,10,747058.190787786,1827443.27704398,,
OH_4827,11,747064.086588138,1827384.11913445,,
OH_4827,12,747059.884003247,1827352.0510012,,
OH_4827,13,747049.253931927,1827292.39200492,,
OH_4827,14,747047.032757969,1827239.48345278,,
OH_4827,15,747046.778047332,1827180.58247872,,
OH_4827,16,747053.139282968,1827134.92654204,,
OH_4827,17,747063.311763505,1827091.09240416,,
OH_4827,18,747084.004206356,1827032.29038227,,
OH_4829,1,745497.097596959,1827264.65081168,,
OH_4829,2,745495.489833667,1827208.94436775,,
OH_4829,3,745497.531226125,1827151.84169358,,
OH_4829,4,745490.382815318,1827095.07672691,,
OH_4829,5,745487.893894049,1827041.68635431,,
OH_4829,6,745484.437552412,1826988.94931089,,
OH_4829,7,745482.953679971,1826931.80629905,,
OH_4829,8,745477.404271498,1826875.39185425,,
OH_4829,9,745474.55619167,1826816.12969293,,
OH_4829,10,745464.83386275,1826769.63038041,,
OH_4829,11,745459.701240669,1826657.7554192,,
OH_4829,12,745453.594231455,1826577.83425894,,
OH_4829,13,745449.588054327,1826486.37260345,,
OH_4829,14,745457.463929666,1826416.8185217,,
OH_4830,1,742591.902096049,1827779.90093651,,
OH_4830,2,742541.867445798,1827775.35207583,,
OH_4830,3,742485.036108623,1827776.70353146,,
OH_4830,4,742431.533569193,1827776.54299728,,
OH_4830,5,742349.491111474,1827769.19563111,,
OH_4830,6,742267.489169173,1827767.71884813,,
OH_4830,7,742179.37864679,1827758.64436442,,
OH_4830,8,742100.240445656,1827749.44999726,,
OH_4830,9,742022.18256827,1827739.05009481,,
OH_4830,10,741954.601513818,1827727.77226518,,
OH_4830,11,741889.45895535,1827718.0717721,,
OH_4830,12,741826.933493106,1827713.05072474,,
OH_4830,13,741758.171626107,1827702.31367696,,
OH_4830,14,741700.459573127,1827677.5295198,,
OH_4830,15,741657.674792305,1827683.46950362,,
OH_4830,16,741608.053535384,1827689.55525148,,
OH_4830,17,741556.956064663,1827693.96181791,,
OH_4831,1,742677.982923253,1827883.61024951,,
OH_4831,2,742665.658092475,1827934.83938236,,
OH_4831,3,742657.67865649,1827979.4751254,,
OH_4831,4,742642.805189437,1828029.34810389,,
OH_4831,5,742634.434321771,1828080.17805205,,
OH_4831,6,742628.116355725,1828119.62919027,,
OH_4831,7,742614.34193842,1828166.74689262,,
OH_4831,8,742593.991382939,1828209.80389591,,
OH_4831,9,742564.843302523,1828256.63614542,,
OH_4831,10,742535.707530646,1828311.66101937,,
OH_4831,11,742510.713546362,1828349.90512695,,
OH_4831,12,742489.919194922,1828385.09694698,,
OH_4831,13,742486.280380567,1828433.10279459,,
OH_4831,14,742468.451541997,1828479.95225574,,
OH_4831,15,742456.433590494,1828541.81279389,,
OH_4831,16,742447.486458823,1828596.62270982,,
OH_4831,17,742449.054308711,1828637.49143871,,
OH_4831,18,742448.733400071,1828684.7609934,,
OH_4831,19,742444.842466717,1828736.19504086,,
OH_4831,20,742442.049256478,1828784.98649132,,
OH_4831,21,742459.579108309,1828840.31663354,,
OH_4831,22,742480.352803128,1828882.61883246,,
OH_4831,23,742470.895479864,1828935.31954398,,
OH_4831,24,742471.283622726,1828976.61880714,,
OH_4832,1,742518.262455344,1829043.57376093,,
OH_4859,1,755064.414925792,1832468.36941712,,
OH_4859,2,755023.083327887,1832494.5706199,,
OH_4859,3,754988.39265999,1832526.51837301,,
OH_4859,4,754954.412614831,1832557.86478958,,
OH_4859,5,754914.899605776,1832584.41606219,,
OH_4859,6,754881.252355966,1832618.1539155,,
OH_4859,7,754849.038563561,1832651.64611734,,
OH_4859,8,754801.52056185,1832696.58492586,,
OH_4859,9,754772.650482291,1832726.69225897,,
OH_4859,10,754737.851086709,1832760.39499173,,
OH_4859,11,754701.575231108,1832805.53875721,,
OH_4859,12,754662.660497088,1832830.29723955,,
OH_4859,13,754628.735811918,1832860.70526461,,
OH_4859,14,754585.717426988,1832901.08807364,,
OH_4859,15,754560.342069644,1832937.04643569,,
OH_4859,16,754520.499821255,1832958.48012834,,
OH_4859,17,754498.79493085,1832982.54221004,,
OH_4859,18,754472.577935926,1833013.7910545,,
OH_4859,19,754472.548273987,1833013.82513522,,
OH_4859,20,754471.91963467,1833014.5475159,,
OH_4859,21,754471.339710553,1833015.21389878,,
OH_4859,22,754452.943045808,1833036.351516,,
OH_4859,23,754421.281748606,1833067.97165743,,
OH_4859,24,754386.288317225,1833101.43667798,,
OH_4859,25,754351.46552841,1833138.44559243,,
OH_4859,26,754311.426876621,1833174.28559318,,
OH_4859,27,754290.224411297,1833197.28437446,,
OH_4859,28,754251.841149763,1833228.60460907,,
OH_4859,29,754216.522824998,1833262.50784907,,
OH_4859,30,754182.297533567,1833294.20954453,,
CA_5398,1,743460.846599184,1826888.53192529,,
CA_5398,2,743461.347024699,1826890.07333113,,
CA_5398,3,743473.439654706,1826918.75638834,,
CA_5398,4,743473.565247805,1826919.14351677,,
CA_5398,5,743473.629464298,1826919.54655656,,
CA_5398,6,743473.630498574,1826919.95519144,,
CA_5398,7,743473.568472198,1826920.35868407,,
CA_5398,8,743473.44499672,1826920.7467569,,
CA_5398,9,743473.26306942,1826921.10936939,,
CA_5398,10,743473.027602205,1826921.43716702,,
CA_5398,11,743472.744458036,1826921.7216916,,
CA_5398,12,743472.421195926,1826921.95561131,,
CA_5398,13,743472.065895034,1826922.13281795,,
CA_5398,14,743428.314396688,1826940.57813733,,
CA_5398,15,743329.033617179,1826981.58006642,,
CA_5398,16,743282.781110407,1827001.88890414,,
CA_5398,17,743193.494801764,1827036.6693068,,
CA_5398,18,743091.841598638,1827043.78674962,,
CA_5398,19,743035.336191079,1827050.90105547,,
CA_5398,20,742953.112808354,1827056.40552257,,
CA_5398,21,742915.138580785,1827061.44615592,,
CA_5398,22,742888.812176256,1827075.63199877,,
CA_5398,23,742882.755292266,1827094.53388425,,
CA_5398,24,742892.802098525,1827128.49454384,,
CA_5398,25,742915.617822296,1827195.08826238,,
CA_5398,26,742930.071444476,1827239.92793885,,
CA_5398,27,742932.573763897,1827260.72075304,,
CA_5398,28,742936.228702181,1827312.76717783,,
CA_5398,29,742939.291074788,1827353.53886781,,
CA_5398,30,742940.898772908,1827365.45113004,,
CA_5398,31,742949.514361935,1827371.55503436,,
CA_5398,32,743002.654890648,1827374.10534742,,
CA_5398,33,743062.683697329,1827381.3470756,,
CA_5398,34,743080.247531718,1827387.58939671,,
CA_5398,35,743107.265232268,1827402.01597586,,
CA_5398,36,743165.539617322,1827440.44636881,,
CA_5398,37,743237.049658,1827484.49842522,,
CA_5398,38,743270.923973919,1827506.79466075,,
CA_5398,39,743293.258582001,1827527.24262317,,
CA_5398,40,743322.42708591,1827557.87160937,,
CA_5398,41,743354.115246684,1827596.61616472,,
CA_5398,42,743372.697004882,1827612.12613607,,
CA_5398,43,743373.442671206,1827612.84200161,,
CA_5398,44,743374.07604513,1827613.66597541,,
CA_5398,45,743374.582707924,1827614.5792953,,
CA_5398,46,743374.951360126,1827615.56124167,,
CA_5398,47,743375.173496185,1827616.58957661,,
CA_5398,48,743375.244041388,1827617.64088328,,
BB_5416,1,754139.913145281,1833316.96903439,,
OH_5420,1,754034.632590724,1833497.94158109,,
OH_5564,1,746807.502155132,1827733.23272716,,
OH_5565,1,746930.017546724,1827945.54327425,,
OH_5565,2,746897.448477443,1827898.78140245,,
OH_5565,3,746869.329093155,1827864.24897724,,
OH_5565,4,746840.327069434,1827832.25258775,,
OH_5565,5,746809.541270178,1827788.16843556,,
OH_5568,1,742651.042669253,1827782.11957654,,
OH_5569,1,747338.793415339,1831620.76670091,,
OH_5570,1,749016.012334783,1832832.99216302,,
BB_5577,1,752490.237746747,1834691.04764477,,
OH_5578,1,752514.484831166,1834731.50880124,,
OH_5579,1,752141.385274071,1835597.65670607,,
OH_5579,2,752095.607110372,1835659.55745206,,
OH_5579,3,752044.080411403,1835718.98581545,,
OH_5579,4,752013.130897431,1835766.12253842,,
OH_5592,1,746924.109930998,1828729.19837384,,
OH_5592,2,746947.901734748,1828675.55450375,,
OH_5592,3,746976.601050376,1828622.18969607,,
OH_5592,4,747006.509112788,1828565.96154358,,
OH_5592,5,747036.198378744,1828510.28201587,,
OH_5592,6,747066.659837371,1828452.39839135,,
OH_5592,7,747095.543415899,1828424.00328172,,
OH_5592,8,747112.674036864,1828394.59300098,,
OH_5592,9,747135.799073476,1828354.61213748,,
CA_5595,1,755040.165048813,1832344.92572398,,
CA_5595,2,755024.99519442,1832356.20626974,,
CA_5595,3,755026.981398157,1832358.77793883,,
CA_5595,4,755043.733943906,1832364.6992974,,
OH_5631,1,746945.101007168,1830868.92926397,,
OH_5631,2,746907.141902781,1830826.86515287,,
OH_5631,3,746871.964410414,1830803.10042433,,
OH_5631,4,746834.672102624,1830768.13075194,,
OH_5631,5,746804.855224598,1830723.72368207,,
OH_5631,6,746767.480192186,1830668.16001259,,
OH_5631,7,746737.542057935,1830615.78172972,,
OH_5631,8,746714.639506054,1830555.17997827,,
OH_5631,9,746690.774568612,1830485.38032702,,
OH_5631,10,746664.095549666,1830409.45719809,,
OH_5631,11,746635.279372544,1830333.73332367,,
OH_5631,12,746618.051395581,1830281.05743084,,
OH_5631,13,746600.372054643,1830230.48087891,,
OH_5631,14,746579.764060322,1830165.25713927,,
OH_5631,15,746559.944007127,1830096.49964237,,
OH_5631,16,746542.624055941,1830033.1957139,,
OH_5631,17,746522.606682007,1829972.29636426,,
OH_5631,18,746503.294521109,1829905.75913578,,
OH_5631,19,746486.283160258,1829843.45524687,,
OH_5631,20,746463.106528002,1829778.64388135,,
OH_5631,21,746450.697683018,1829724.69617158,,
OH_5631,22,746428.664892452,1829662.55616932,,
OH_5631,23,746466.838929939,1829593.02530375,,
OH_5631,24,746506.887076025,1829527.72287508,,
OH_5631,25,746537.334439811,1829470.83519822,,
OH_5631,26,746566.888342123,1829417.36920112,,
OH_5667,1,749034.032907143,1832743.19213896,,
OH_5667,2,749012.158283154,1832677.61765995,,
OH_5667,3,748965.006837944,1832655.48100752,,
OH_5667,4,748907.858497939,1832629.90690324,,
OH_5667,5,748846.899815916,1832601.41032364,,
OH_5667,6,748785.973669146,1832579.22503927,,
OH_5667,7,748726.499002509,1832551.74236996,,
OH_5667,8,748678.813474678,1832529.48852447,,
OH_5667,9,748648.333182243,1832515.40774308,,
OH_5667,10,748602.800820723,1832491.62997726,,
OH_5667,11,748561.244019227,1832465.79499399,,
OH_5667,12,748519.108293434,1832443.8283236,,
OH_5667,13,748451.853057455,1832433.41682995,,
OH_5667,14,748411.953379075,1832430.40819955,,
OH_5667,15,748357.027482684,1832424.78967917,,
OH_5699,1,752326.236818705,1835267.25642512,,
OH_5699,2,752346.333196638,1835310.45091946,,
OH_5699,3,752340.737056673,1835350.35319861,,
OH_5699,4,752320.142094835,1835385.76074608,,
OH_5699,5,752282.740618124,1835424.84522347,,
OH_5699,6,752239.274331283,1835471.1654784,,
OH_5700,1,752308.197952821,1834578.28262264,,
OH_5700,2,752246.281238058,1834550.31718041,,
OH_5700,3,752176.33805488,1834523.91703435,,
OH_5700,4,752175.875972028,1834523.72548028,,
OH_5703,1,750133.279224947,1833412.19171829,,
OH_5703,2,750167.029965037,1833385.04907142,,
OH_5703,3,750205.269071192,1833338.46110554,,
OH_5703,4,750227.256959589,1833291.83619026,,
OH_5703,5,750251.348979493,1833258.6820269,,
OH_5703,6,750227.793490074,1833218.55005415,,
OH_5703,7,750208.098280358,1833176.91320322,,
OH_5703,8,750186.908121099,1833135.36964355,,
OH_5703,9,750156.093420273,1833076.88531394,,
OH_5703,10,750109.392612674,1833061.94648687,,
OH_5703,11,750059.469217395,1833048.74357733,,
OH_5703,12,750014.667911083,1833035.82097638,,
OH_5704,1,747119.389083474,1828315.50193523,,
OH_5704,2,747061.063543157,1828298.22368875,,
OH_5704,3,747050.434055507,1828265.99526453,,
OH_5704,4,747030.592399617,1828217.49741404,,
OH_5704,5,747019.224114914,1828175.29778284,,
OH_5704,6,747014.37982072,1828132.17442686,,
OH_5704,7,747005.536275143,1828093.21333722,,
OH_5705,1,746759.907873751,1827702.01943286,,
OH_5705,2,746726.420619395,1827688.57134595,,
OH_5705,3,746683.311269932,1827676.00918397,,
OH_5705,4,746635.971344248,1827659.74402969,,
OH_5705,5,746582.520199948,1827655.03569029,,
OH_5705,6,746523.569974236,1827645.39195559,,
OH_5705,7,746465.16175759,1827616.60184415,,
OH_5705,8,746417.06735327,1827591.69316887,,
OH_5705,9,746367.573400844,1827567.65647441,,
OH_5705,10,746320.132083595,1827541.6484311,,
OH_5705,11,746273.058300492,1827520.84920011,,
OH_5705,12,746189.126496509,1827482.46916089,,
OH_5705,13,746115.253811767,1827442.21053021,,
OH_5705,14,746035.979547922,1827407.42488012,,
OH_5705,15,746004.633425934,1827365.55110903,,
OH_5705,16,745958.826102088,1827356.01195361,,
OH_5705,17,745926.459236416,1827349.48515235,,
OH_5705,18,745873.07312849,1827343.03809513,,
OH_5706,1,742469.123411749,1829063.83202293,,
OH_5706,2,742445.89745703,1829096.89280131,,
OH_5706,3,742425.832154125,1829133.86391893,,
OH_5706,4,742403.512502777,1829171.69659245,,
OH_5706,5,742384.372263577,1829211.77698347,,
OH_5719,1,752179.926986166,1835553.81477146,,
OH_5721,1,750198.962262254,1833703.2507867,,
OH_5721,2,750122.584448809,1833752.06929968,,
OH_5724,1,750213.803654735,1833637.70119187,,
OH_5724,2,750184.734400644,1833586.72351731,,
OH_5724,3,750158.955196654,1833545.1274375,,
OH_5724,4,750132.049720798,1833499.30892669,,
OH_5724,5,750099.925489067,1833461.40313854,,
OH_5730,1,746989.008444136,1828025.93273156,,
OH_5732,1,752291.609462773,1835161.55783466,,
OH_5747,1,743294.973158191,1827625.88141625,,
OH_5747,2,743248.263985538,1827629.33833144,,
OH_5747,3,743204.595698487,1827647.11205783,,
OH_5747,4,743149.86690425,1827660.88498699,,
OH_5747,5,743089.034300009,1827676.13793523,,
OH_5747,6,743036.094818883,1827692.25611865,,
OH_5747,7,742988.611973083,1827698.14050415,,
OH_5747,8,742930.808287006,1827709.88634675,,
OH_5747,9,742779.045810706,1827763.54565287,,
OH_5749,1,752484.251354925,1835158.51503725,,
OH_5749,2,752433.057323529,1835163.00415294,,
OH_5749,3,752402.65285712,1835169.95271944,,
OH_5749,4,752359.443844069,1835185.49709752,,
OH_5761,1,752054.968068972,1834476.32094678,,
OH_5761,2,751996.451340551,1834449.72381186,,
OH_5761,3,751930.102231919,1834417.27974674,,
OH_5761,4,751861.434299266,1834400.41723637,,
OH_5761,5,751786.444265005,1834367.31736265,,
OH_5761,6,751745.494721483,1834326.64644857,,
OH_5761,7,751699.415230421,1834286.46891831,,
OH_5761,8,751657.309178896,1834271.69188583,,
OH_5761,9,751616.185152395,1834264.01222543,,
OH_5761,10,751566.861422268,1834254.57560807,,
OH_5761,11,751511.916145424,1834241.97308042,,
OH_5772,1,754083.592270931,1833387.92297552,,
OH_5774,1,745766.088184543,1827332.98919135,,
OH_5774,2,745711.839720198,1827326.67528338,,
OH_5774,3,745669.075486513,1827324.4783842,,
OH_5774,4,745624.582219943,1827319.94909617,,
OH_5774,5,745570.557000141,1827316.16471783,,
OH_5798,1,753988.59920258,1833474.81632737,,
OH_5798,2,753960.804892831,1833504.60295217,,
OH_5798,3,753933.301145425,1833527.97027686,,
OH_5798,4,753902.63390974,1833556.83474019,,
OH_5798,5,753867.914244398,1833576.35226092,,
OH_5798,6,753826.784327774,1833605.20477113,,
OH_5798,7,753790.296326611,1833629.79561413,,
OH_5801,1,751417.979310471,1834221.93791138,,
OH_5801,2,751372.256109963,1834206.01187741,,
OH_5801,3,751326.478739066,1834194.62461031,,
OH_5801,4,751279.603693225,1834185.7710023,,
OH_5801,5,751233.926750553,1834174.82798211,,
OH_5801,6,751205.380307864,1834169.49106135,,
OH_5801,7,751190.370250798,1834165.23961516,,
OH_5807,1,746834.673356798,1828891.57941891,,
OH_5807,2,746863.193911939,1828835.22328898,,
OH_5811,1,749873.553006508,1832995.646977,,
OH_5811,2,749821.495585396,1832982.30807417,,
OH_5811,3,749769.573257371,1832966.53530103,,
OH_5811,4,749711.426754479,1832953.34593239,,
OH_5814,1,743991.45696797,1827695.77160368,,
OH_5814,2,743937.699818555,1827689.7379185,,
OH_5814,3,743888.082393897,1827685.85258197,,
OH_5814,4,743846.378107864,1827681.17256193,,
OH_5814,5,743799.55285686,1827676.10242259,,
OH_5814,6,743760.229227453,1827668.57226597,,
OH_5814,7,743720.494601152,1827659.70681244,,
OH_5814,8,743665.829389912,1827658.42299019,,
OH_5814,9,743610.983029318,1827654.25862119,,
OH_5814,10,743564.568962921,1827650.52216564,,
OH_5814,11,743511.652317559,1827645.71589156,,
OH_5814,12,743464.187755605,1827640.41773444,,
OH_5814,13,743406.359380521,1827635.4452812,,
OH_5816,1,753391.209691615,1834095.94804467,,
OH_5816,2,753345.295019886,1834114.22551586,,
OH_5816,3,753326.966935513,1834129.17682311,,
OH_5816,4,753287.14083974,1834138.2284885,,
OH_5816,5,753208.81294275,1834170.73853847,,
OH_5816,6,753176.539151611,1834182.20360662,,
OH_5816,7,753142.791850862,1834191.87984796,,
OH_5816,8,753109.005232862,1834204.87714891,,
OH_5858,1,747373.69423746,1831548.09973146,,
OH_5858,2,747345.837934307,1831482.12558743,,
OH_5858,3,747317.446644585,1831406.9574131,,
OH_5858,4,747298.632665697,1831334.55689487,,
OH_5858,5,747275.16132142,1831286.45897697,,
OH_5858,6,747251.087318913,1831235.1436425,,
OH_5858,7,747221.542045194,1831176.56919106,,
OH_5858,8,747197.389050952,1831122.81740265,,
OH_5858,9,747159.368653211,1831049.08751429,,
OH_5858,10,747108.843379821,1831004.22111973,,
OH_5858,11,747082.615716543,1830982.21971023,,
OH_5858,12,747046.697851603,1830957.67101515,,
OH_5858,13,747010.894602164,1830923.27065627,,
OH_5859,1,749616.474338831,1832992.5405124,,
OH_5859,2,749558.916082159,1833002.38695131,,
OH_5859,3,749506.806733877,1833011.74540046,,
OH_5859,4,749453.977083284,1833018.88043973,,
OH_5859,5,749379.732391371,1833031.19111546,,
OH_5859,6,749322.2890013,1833049.45467168,,
OH_5859,7,749249.136510578,1833068.86421255,,
OH_5859,8,749170.409539688,1833090.20089231,,
OH_5859,9,749129.270399275,1833028.49845363,,
OH_5859,10,749082.6525776,1832969.72170074,,
OH_5859,11,749058.151782131,1832882.0847608,,
OH_5860,1,749924.744690543,1833009.97134328,,
OH_5861,1,752414.071486247,1834636.21669333,,
OH_5861,2,752368.509528786,1834606.5603878,,
OH_5864,1,746558.836052769,1829314.14551033,,
OH_5864,2,746634.908631875,1829293.3839159,,
OH_5864,3,746658.995680589,1829245.27559689,,
OH_5864,4,746692.83257014,1829190.86138072,,
OH_5864,5,746728.160908026,1829127.49898514,,
OH_5864,6,746751.827633829,1829075.29292261,,
OH_5864,7,746783.633735256,1829002.47860418,,
OH_5864,8,746807.683132863,1828944.96396386,,
